     0/199    0.824G    0.0939   0.03721   0.02601    0.1571        65       640    0.1504    0.1607   0.06149   0.01252   0.06254    0.0286   0.02198
     1/199    0.843G   0.06929   0.03081   0.01851    0.1186        23       640    0.2474    0.5014    0.2311   0.05429   0.06484   0.01969    0.0232
     2/199    0.845G   0.07216   0.02672   0.01422    0.1131         8       640    0.4723    0.5849    0.4644    0.1336   0.05828    0.0174   0.01034
     3/199     0.87G   0.06044   0.02451   0.01009   0.09504        18       640    0.7118    0.5813    0.6729    0.3252   0.04355   0.01737   0.01043
     4/199     0.87G   0.05009   0.02485  0.008261   0.08321        49       640    0.7492    0.6212    0.6937    0.3273   0.04231   0.01773    0.0107
     5/199     0.87G   0.04596   0.02398  0.006838   0.07678        12       640     0.818    0.7529     0.824    0.4887   0.03579   0.01519  0.005947
     6/199     0.87G   0.04423    0.0229  0.007424   0.07455        23       640    0.9074    0.7335    0.8376     0.484   0.03374   0.01474  0.006122
     7/199     0.87G   0.04155   0.02178  0.006446   0.06978        10       640    0.9292    0.7709    0.8682     0.497   0.03378   0.01424  0.005613
     8/199     0.87G   0.04057   0.02198  0.005995   0.06854        19       640    0.9208    0.7939    0.8708    0.5247   0.03177   0.01386  0.004942
     9/199     0.87G   0.03981   0.02199  0.005726   0.06753        14       640    0.9165    0.7734    0.8684    0.5239    0.0312   0.01399  0.005313
    10/199     0.87G   0.03838   0.02158  0.005341    0.0653        31       640    0.9218    0.8327    0.8857    0.5474   0.03051   0.01354  0.004293
    11/199     0.87G   0.03795    0.0207  0.005387   0.06404        27       640    0.8873    0.8176    0.8743    0.5221   0.03193   0.01343  0.004209
    12/199     0.87G   0.03665   0.02084  0.005161   0.06265        12       640    0.9248    0.8031    0.8772    0.5579   0.03097   0.01325  0.004656
    13/199     0.87G   0.03611   0.02025  0.005192   0.06155        14       640    0.9192    0.8167    0.8878    0.5637   0.03006   0.01327  0.004502
    14/199     0.87G   0.03638   0.02088  0.005051   0.06231        13       640     0.904    0.8234    0.8854    0.5573   0.02978   0.01308  0.004413
    15/199     0.87G   0.03556   0.02031  0.004563   0.06044        20       640    0.8945    0.8494    0.8956    0.5758   0.02956   0.01298  0.003997
    16/199     0.87G   0.03444    0.0194  0.004628   0.05846        16       640    0.8864    0.8213    0.8907    0.5664   0.02929   0.01289   0.00465
    17/199     0.87G   0.03494   0.02007  0.004716   0.05973        13       640     0.915    0.8399    0.9018    0.5693   0.02925   0.01279  0.004429
    18/199     0.87G   0.03463   0.01971  0.004931   0.05927        24       640    0.9137    0.8137    0.8893    0.5568   0.02922   0.01334  0.004816
    19/199     0.87G    0.0352   0.01936  0.004447   0.05901        17       640     0.895    0.8184    0.8888    0.5551   0.02928   0.01301  0.005078
    20/199     0.87G   0.03429   0.01962  0.004594    0.0585         9       640    0.9349    0.8367    0.8968    0.5764    0.0291   0.01268  0.004405
    21/199     0.87G    0.0337   0.01882   0.00443   0.05695        18       640     0.941    0.8255    0.8997    0.5789   0.02823   0.01262  0.004382
    22/199     0.87G   0.03353   0.01892  0.003899   0.05635         8       640    0.9352    0.8593    0.9029    0.5665   0.02854   0.01259  0.003612
    23/199     0.87G   0.03311   0.01844  0.003845    0.0554         7       640     0.933    0.8437    0.9065    0.5867    0.0277   0.01241   0.00358
    24/199     0.87G   0.03346   0.01884   0.00367   0.05597        18       640    0.9285    0.8554    0.9059    0.5882   0.02773   0.01255  0.003409
    25/199     0.87G   0.03263    0.0185   0.00322   0.05435        16       640    0.9378     0.831    0.9069    0.5957   0.02782   0.01228   0.00387
    26/199     0.87G   0.03245   0.01858  0.003618   0.05465        15       640    0.9342    0.8422    0.9071    0.5939   0.02769   0.01237  0.003914
    27/199     0.87G   0.03222   0.01874   0.00307   0.05403        46       640    0.9206    0.8483    0.9081    0.5969   0.02749   0.01223  0.004389
    28/199     0.87G    0.0312   0.01758  0.003113    0.0519         9       640    0.9263    0.8691     0.914    0.6044   0.02732   0.01202   0.00389
    29/199     0.87G   0.03154   0.01859  0.003452   0.05359        10       640    0.9035    0.8656    0.9082    0.5915   0.02742   0.01219   0.00441
    30/199     0.87G   0.03155   0.01782  0.003067   0.05243         7       640    0.9385    0.8464    0.9103    0.5973   0.02734   0.01217  0.004006
    31/199     0.87G   0.03192   0.01826  0.003429   0.05361        20       640    0.9433    0.8465    0.9128    0.5976   0.02753   0.01216  0.003667
    32/199     0.87G     0.031   0.01814  0.002966    0.0521        35       640    0.9165      0.87    0.9112    0.5997   0.02741   0.01227  0.004161
    33/199     0.87G   0.03041   0.01801  0.003341   0.05176        12       640    0.9232    0.8505    0.9096    0.6012   0.02702   0.01227  0.004151
    34/199     0.87G   0.03076    0.0182  0.003358   0.05232        21       640    0.9489    0.8469    0.9145    0.6035   0.02717    0.0119  0.003478
    35/199     0.87G   0.03074   0.01748  0.002906   0.05113        15       640    0.9094    0.8561    0.9114    0.6003   0.02699    0.0121  0.003985
    36/199     0.87G   0.03051   0.01749  0.003424   0.05142         9       640    0.9418    0.8515    0.9115    0.6045   0.02638    0.0122  0.003897
    37/199     0.87G   0.03075   0.01738  0.002456   0.05059        12       640    0.9185    0.8565    0.9162    0.5975    0.0268   0.01208  0.004015
    38/199     0.87G   0.03014   0.01749  0.003065    0.0507        18       640    0.9295    0.8635     0.912    0.6031   0.02659   0.01211  0.003965
    39/199     0.87G   0.02985   0.01719  0.002743   0.04978        15       640    0.9259    0.8579    0.9118    0.6011   0.02713   0.01222  0.004262
    40/199     0.87G   0.02954   0.01754  0.002632   0.04971        31       640     0.935    0.8461    0.9108    0.6042   0.02643   0.01206  0.004412
    41/199     0.87G    0.0292   0.01673  0.002963   0.04889         9       640    0.9159    0.8594    0.9101    0.6027   0.02667   0.01216  0.003973
    42/199     0.87G   0.02895   0.01632  0.002445   0.04772         8       640    0.9365    0.8522     0.914     0.615   0.02636   0.01208  0.003843
    43/199     0.87G   0.02965   0.01686  0.002879   0.04939        15       640    0.9397    0.8442    0.9104    0.6054   0.02686   0.01227  0.004291
    44/199     0.87G    0.0288   0.01743  0.002914   0.04915        12       640    0.9358    0.8324    0.9073    0.6029   0.02697   0.01209  0.004439
    45/199     0.87G   0.02873    0.0179  0.002777   0.04941        10       640    0.9289     0.865    0.9206    0.6073    0.0269   0.01196  0.004634
    46/199     0.87G   0.02884   0.01678  0.002934   0.04856        17       640    0.9443    0.8518    0.9076    0.6082    0.0266   0.01195  0.004792
    47/199     0.87G   0.02826   0.01662  0.002385   0.04727        19       640    0.9637    0.8383     0.912    0.6063   0.02706   0.01205  0.004835
    48/199     0.87G    0.0289   0.01686  0.002275   0.04803        11       640    0.9337    0.8642    0.9105     0.614   0.02654   0.01189  0.005087
    49/199     0.87G    0.0283   0.01691  0.002771   0.04798        19       640    0.9306    0.8617    0.9107    0.6041   0.02676   0.01209  0.004531
    50/199     0.87G   0.02888    0.0171  0.002408   0.04838        15       640    0.9212    0.8647    0.9088    0.6069   0.02682   0.01195  0.004912
    51/199     0.87G    0.0285   0.01708  0.002609   0.04818        13       640    0.9115    0.8508    0.9032    0.6073   0.02647   0.01184  0.005189
    52/199     0.87G   0.02795   0.01606  0.002531   0.04654         9       640    0.9583    0.8503    0.9183    0.6081   0.02646   0.01208  0.004308
    53/199     0.87G   0.02836   0.01681  0.002335   0.04751        22       640     0.947    0.8486    0.9123     0.611   0.02623   0.01173   0.00468
    54/199     0.87G   0.02746   0.01612  0.002443   0.04603        13       640    0.9394    0.8618    0.9121    0.6036   0.02672   0.01206  0.004391
    55/199     0.87G     0.028   0.01695    0.0026   0.04755        13       640    0.9459    0.8511    0.9136    0.6062    0.0261   0.01213  0.004286
    56/199     0.87G   0.02731   0.01605  0.002178   0.04554        16       640    0.9388    0.8712    0.9154     0.606   0.02629   0.01193  0.004301
    57/199     0.87G   0.02863   0.01647  0.001819   0.04693        10       640    0.9594     0.857    0.9176    0.6109   0.02631   0.01173  0.004247
    58/199     0.87G   0.02733   0.01624  0.001949   0.04551        10       640    0.9302    0.8701    0.9163    0.6172   0.02625   0.01192  0.003453
    59/199     0.87G   0.02787   0.01615  0.002834   0.04685        10       640    0.9331    0.8626    0.9145    0.6197   0.02678    0.0121  0.004624
    60/199     0.87G   0.02806   0.01609  0.002553    0.0467        23       640    0.9365    0.8515    0.9158     0.617   0.02682   0.01218  0.004209
    61/199     0.87G   0.02829   0.01689  0.002549   0.04773        16       640     0.927    0.8689     0.916    0.6236   0.02568   0.01189   0.00392
    62/199     0.87G   0.02714   0.01611  0.002685   0.04593        23       640    0.9552    0.8574    0.9211    0.6226   0.02606   0.01172  0.004089
    63/199     0.87G   0.02734   0.01568  0.002202   0.04523         7       640    0.9589      0.84     0.912     0.612    0.0258   0.01198  0.004676
    64/199     0.87G   0.02737   0.01634  0.002105   0.04581        11       640    0.9469    0.8537    0.9211    0.6283   0.02564   0.01183  0.004734
    65/199     0.87G   0.02719   0.01587  0.002211   0.04528        13       640    0.9424    0.8604    0.9161    0.6257   0.02603   0.01181  0.004076
    66/199     0.87G   0.02689   0.01606  0.001927   0.04488        12       640    0.9344    0.8736     0.923    0.6202   0.02575   0.01188  0.003865
    67/199     0.87G   0.02606   0.01551  0.001972   0.04354        12       640    0.9443    0.8606    0.9121    0.6249   0.02601   0.01184  0.004385
    68/199     0.87G    0.0276    0.0163  0.001912   0.04581         8       640    0.9475    0.8797    0.9193    0.6199    0.0261   0.01176  0.004098
    69/199     0.87G   0.02656   0.01535  0.002011   0.04393         8       640    0.9432    0.8763    0.9218    0.6259   0.02573   0.01183   0.00398
    70/199     0.87G   0.02599   0.01532  0.002031   0.04335        24       640    0.9534    0.8605    0.9235    0.6224   0.02557   0.01179  0.004008
    71/199     0.87G   0.02612   0.01601  0.002249   0.04438        11       640    0.9244    0.8812    0.9249    0.6231   0.02578   0.01187  0.004429
    72/199     0.87G   0.02649    0.0158  0.001831   0.04412        13       640    0.9366    0.8671    0.9177    0.6171   0.02579   0.01214   0.00425
    73/199     0.87G   0.02654   0.01623  0.002087   0.04486        21       640     0.954    0.8582    0.9156    0.6217   0.02627   0.01206  0.004147
    74/199     0.87G   0.02583   0.01557  0.002306    0.0437        17       640    0.9294    0.8709    0.9233    0.6263   0.02594   0.01203   0.00364
    75/199     0.87G   0.02667   0.01592  0.002172   0.04477        12       640    0.9395    0.8657    0.9211    0.6241   0.02607   0.01194  0.004423
    76/199     0.87G   0.02576   0.01554  0.001694   0.04299        21       640    0.9253    0.8994    0.9256    0.6221   0.02531   0.01176  0.003686
    77/199     0.87G   0.02549   0.01529   0.00173   0.04251        10       640    0.9538    0.8467    0.9185    0.6271   0.02566    0.0118   0.00524
    78/199     0.87G   0.02554    0.0156   0.00188   0.04302        13       640    0.9205    0.8939    0.9304    0.6325   0.02527    0.0116  0.003753
    79/199     0.87G   0.02579   0.01574  0.001555   0.04309        15       640    0.9617    0.8549    0.9276    0.6284   0.02517    0.0117  0.004092
    80/199     0.87G   0.02544   0.01548  0.002189   0.04311        18       640    0.9537    0.8773    0.9271    0.6289    0.0253   0.01178  0.003976
    81/199     0.87G   0.02493    0.0153  0.001774     0.042        15       640     0.936    0.8785    0.9214    0.6243   0.02517   0.01184  0.004231
    82/199     0.87G   0.02551   0.01509  0.001903    0.0425        13       640    0.9502    0.8694      0.92    0.6282   0.02528   0.01187   0.00422
    83/199     0.87G   0.02496   0.01533  0.001721   0.04201        16       640    0.9478    0.8807    0.9217    0.6301   0.02533   0.01174  0.004298
    84/199     0.87G   0.02509   0.01506  0.001374   0.04153        13       640    0.9497    0.8672      0.92    0.6307   0.02522   0.01182  0.004534
    85/199     0.87G   0.02506   0.01495  0.001359   0.04137        17       640    0.9481    0.8802    0.9271    0.6343   0.02504   0.01182  0.003917
    86/199     0.87G   0.02464    0.0148  0.001899   0.04134         8       640     0.944    0.8714    0.9231    0.6232    0.0252   0.01194  0.004552
    87/199     0.87G   0.02506   0.01523  0.001975   0.04226        24       640    0.9504    0.8687    0.9189    0.6267   0.02536   0.01206  0.003934
    88/199     0.87G   0.02473   0.01497  0.001934   0.04163        11       640    0.9238    0.8875    0.9203    0.6257   0.02589   0.01207  0.004018
    89/199     0.87G   0.02475   0.01477  0.001595   0.04111        13       640    0.9353    0.8841    0.9247    0.6342   0.02564   0.01186  0.003479
    90/199     0.87G   0.02436   0.01507  0.001849   0.04128        22       640    0.9643    0.8527    0.9195    0.6251   0.02582   0.01189  0.004282
    91/199     0.87G   0.02422    0.0144  0.001798   0.04042        18       640    0.9629    0.8651    0.9256    0.6332   0.02519   0.01189   0.00365
    92/199     0.87G    0.0243   0.01462  0.001556   0.04047        17       640    0.9559     0.856    0.9177    0.6278   0.02567    0.0118  0.003954
    93/199     0.87G   0.02461   0.01514  0.001612   0.04136        21       640    0.9426    0.8752    0.9165    0.6249   0.02578   0.01188  0.004342
    94/199     0.87G   0.02455    0.0147  0.001579   0.04083         8       640    0.9357    0.8816    0.9173     0.623   0.02581   0.01186  0.004387
    95/199     0.87G   0.02449   0.01482  0.001763   0.04107        21       640     0.938    0.8856    0.9212    0.6241    0.0255   0.01196  0.004291
    96/199     0.87G   0.02455   0.01457  0.001482    0.0406        20       640     0.956    0.8747    0.9223    0.6312     0.025   0.01187  0.004098
    97/199     0.87G    0.0239   0.01455  0.001785   0.04023        14       640    0.9324    0.8637    0.9154    0.6288   0.02528   0.01198  0.004354
    98/199     0.87G   0.02377   0.01419  0.001349    0.0393        12       640    0.9445    0.8601    0.9176     0.631   0.02512   0.01185  0.004447
    99/199     0.87G   0.02382   0.01438  0.001696   0.03989        28       640    0.9365    0.8809    0.9237    0.6365   0.02523   0.01177  0.004412
   100/199     0.87G   0.02374   0.01422  0.001707   0.03966        17       640    0.9666    0.8591    0.9279    0.6342   0.02527   0.01189  0.003547
   101/199     0.87G   0.02361    0.0145   0.00172   0.03982         8       640    0.9482    0.8805    0.9317    0.6302   0.02507    0.0119  0.003593
   102/199     0.87G   0.02369   0.01404  0.001682   0.03941        13       640    0.9656     0.849    0.9241    0.6316   0.02532   0.01216  0.004038
   103/199     0.87G   0.02437   0.01459  0.001408   0.04037        24       640    0.9404    0.8762    0.9194    0.6272   0.02526   0.01201  0.004294
   104/199     0.87G   0.02333   0.01433  0.001457   0.03912        17       640     0.952    0.8826    0.9259    0.6359   0.02528   0.01191  0.003511
   105/199     0.87G   0.02349   0.01493   0.00159      0.04        15       640    0.9406     0.876    0.9269    0.6341   0.02522    0.0119  0.003738
   106/199     0.87G   0.02364   0.01471  0.001373   0.03972        14       640    0.9431    0.8762    0.9262    0.6338   0.02503     0.012  0.003507
   107/199     0.87G   0.02324   0.01444  0.001578   0.03925         7       640    0.9551    0.8687    0.9214    0.6342   0.02507   0.01202  0.003887
   108/199     0.87G   0.02255   0.01389  0.001503   0.03794        10       640    0.9444    0.8848    0.9255    0.6319   0.02506   0.01176  0.003871
   109/199     0.87G   0.02289   0.01436   0.00158   0.03884        24       640    0.9473    0.8752     0.926    0.6382   0.02482    0.0118  0.003396
   110/199     0.87G   0.02278   0.01458  0.001294   0.03866        15       640    0.9368    0.8843    0.9256    0.6392   0.02496   0.01189  0.004035
   111/199     0.87G   0.02269   0.01437  0.001156   0.03821        10       640    0.9436    0.8929    0.9271    0.6407   0.02496   0.01187  0.003472
   112/199     0.87G   0.02267    0.0144  0.001431    0.0385        10       640    0.9501    0.8658    0.9259    0.6388   0.02532   0.01175  0.003711
   113/199     0.87G   0.02248    0.0144  0.001218   0.03809         8       640    0.9471    0.8721    0.9212    0.6357   0.02522   0.01194  0.004243
   114/199     0.87G   0.02264   0.01409  0.001459   0.03818        16       640    0.9516     0.861    0.9232    0.6373   0.02497   0.01191  0.004226
   115/199     0.87G   0.02294   0.01428  0.001428   0.03865        12       640    0.9442    0.8806    0.9296    0.6388   0.02503   0.01185  0.004409
   116/199     0.87G   0.02189    0.0138  0.001638   0.03733        29       640    0.9437    0.8808    0.9273    0.6308   0.02536   0.01199  0.004075
   117/199     0.87G   0.02226   0.01329  0.001263   0.03681        18       640    0.9377    0.8826    0.9248    0.6341   0.02531   0.01194  0.004108
   118/199     0.87G   0.02251   0.01399  0.001388   0.03788        13       640    0.9427    0.8798    0.9236    0.6381    0.0252   0.01179  0.004185
   119/199     0.87G   0.02213   0.01383  0.001167   0.03713        30       640    0.9495    0.8817    0.9267    0.6329   0.02509   0.01199  0.003565
   120/199     0.87G   0.02237    0.0139  0.001351   0.03762         7       640    0.9511    0.8804    0.9319     0.637   0.02513   0.01183  0.004475
   121/199     0.87G   0.02232   0.01364  0.001258   0.03723        17       640    0.9326    0.8911    0.9312    0.6357   0.02505   0.01173  0.003772
   122/199     0.87G   0.02224   0.01368  0.001557   0.03747        27       640    0.9616    0.8761    0.9285    0.6316   0.02526   0.01212  0.003807
   123/199     0.87G    0.0221   0.01401    0.0013   0.03741        20       640    0.9339    0.8861    0.9316    0.6356   0.02502   0.01187  0.004216
   124/199     0.87G   0.02218   0.01391  0.001077   0.03717        36       640    0.9414    0.8751    0.9324    0.6357   0.02517    0.0117  0.004243
   125/199     0.87G   0.02195   0.01389  0.001085   0.03692        17       640    0.9562    0.8701    0.9331    0.6367    0.0251    0.0117  0.004281
   126/199     0.87G    0.0219   0.01339  0.001231   0.03652        17       640    0.9467    0.8615    0.9301    0.6347   0.02537   0.01187  0.003915
   127/199     0.87G   0.02115   0.01325  0.001084   0.03549        40       640    0.9382    0.8838    0.9332    0.6345   0.02521   0.01175  0.004066
   128/199     0.87G    0.0215   0.01306 0.0009416    0.0355        12       640    0.9504    0.8635    0.9262    0.6326   0.02516   0.01175  0.004082
   129/199     0.87G   0.02157   0.01372  0.001049   0.03634        14       640    0.9509    0.8764    0.9295    0.6386   0.02497   0.01181  0.003794
   130/199     0.87G   0.02145    0.0135  0.001357    0.0363         9       640    0.9587    0.8745    0.9285    0.6367     0.025    0.0119  0.003678
   131/199     0.87G    0.0211   0.01251  0.001282    0.0349         9       640    0.9265    0.8848    0.9227    0.6283   0.02552   0.01198  0.004111
   132/199     0.87G   0.02116   0.01337  0.001087   0.03561         9       640    0.9513    0.8814    0.9314    0.6374   0.02492   0.01176  0.004056
   133/199     0.87G   0.02126   0.01331  0.001488   0.03605        12       640    0.9535    0.8796    0.9316    0.6365   0.02479   0.01206  0.003949
   134/199     0.87G   0.02195   0.01395  0.001136   0.03704        15       640    0.9407    0.8742    0.9249    0.6345   0.02468   0.01194  0.004753
   135/199     0.87G   0.02183   0.01429 0.0008502   0.03697        14       640    0.9093    0.8874    0.9198      0.63   0.02471   0.01184  0.005225
   136/199     0.87G   0.02071    0.0132 0.0009613   0.03487         6       640    0.9452    0.8771    0.9231    0.6331   0.02479     0.012  0.004996
   137/199     0.87G   0.02085   0.01317  0.001135   0.03515        20       640    0.9152    0.8984    0.9288    0.6321   0.02514   0.01195  0.004419
   138/199     0.87G   0.02109   0.01301  0.001122   0.03521        16       640    0.9386    0.8991    0.9335    0.6411   0.02491   0.01185  0.003925
   139/199     0.87G   0.02088   0.01316  0.001065   0.03511         7       640     0.939    0.8873    0.9286    0.6356   0.02507     0.012   0.00418
   140/199     0.87G   0.02102   0.01318  0.001116   0.03532        41       640    0.9355     0.885    0.9305    0.6432   0.02484   0.01182  0.004522
   141/199     0.87G   0.02087   0.01293  0.001448   0.03525        42       640    0.9395     0.875    0.9258    0.6399   0.02495   0.01204  0.004519
   142/199     0.87G    0.0216   0.01313  0.001225   0.03596         9       640    0.9435    0.8774    0.9217    0.6367   0.02505   0.01199  0.004532
   143/199     0.87G   0.02095   0.01327  0.001245   0.03546        22       640    0.9398     0.873    0.9214    0.6363   0.02485   0.01196  0.004857
   144/199     0.87G   0.02064   0.01299 0.0009628   0.03459         8       640    0.9317    0.8871    0.9245    0.6394   0.02513   0.01215  0.004761
   145/199     0.87G   0.02046   0.01287  0.001081   0.03442        14       640    0.9273    0.8987    0.9299    0.6402   0.02494   0.01209  0.004185
   146/199     0.87G   0.02024    0.0129  0.001157   0.03429        17       640    0.9339    0.8855    0.9262    0.6394   0.02483   0.01192  0.004541
   147/199     0.87G   0.02052   0.01288  0.001194    0.0346        19       640    0.9398    0.8711    0.9205    0.6343   0.02526   0.01215  0.005221
   148/199     0.87G   0.01985   0.01238  0.001119   0.03334        14       640    0.9426    0.8748    0.9252    0.6436   0.02494   0.01214  0.004844
   149/199     0.87G   0.02028     0.013  0.001002   0.03428        14       640    0.9366    0.8831     0.927    0.6403   0.02504   0.01237  0.005079
   150/199     0.87G      0.02   0.01281 0.0009596   0.03377         7       640    0.9435    0.8769    0.9252    0.6389   0.02495   0.01215  0.005118
   151/199     0.87G   0.02027   0.01236 0.0009365   0.03357        14       640    0.9323    0.8902     0.928    0.6366   0.02481   0.01228  0.005102
   152/199     0.87G   0.01988   0.01271 0.0009101    0.0335        10       640    0.9512    0.8792     0.925    0.6322   0.02497   0.01213   0.00485
   153/199     0.87G   0.01976    0.0123  0.001001   0.03306        14       640    0.9454      0.88     0.924     0.634   0.02478   0.01219  0.005041
   154/199     0.87G   0.02023   0.01279  0.001089   0.03411        16       640    0.9294    0.8844    0.9248    0.6319    0.0251   0.01214   0.00549
   155/199     0.87G   0.02039   0.01274 0.0009965   0.03413         9       640    0.9472    0.8738    0.9241    0.6338     0.025   0.01209  0.005403
   156/199     0.87G   0.01946   0.01204  0.001021   0.03252        17       640     0.934    0.8962    0.9309    0.6325   0.02506   0.01204  0.005024
   157/199     0.87G   0.01997   0.01284  0.000934   0.03375         9       640    0.9538    0.8882    0.9334    0.6359   0.02519   0.01198  0.004522
   158/199     0.87G   0.01956   0.01259 0.0009861   0.03314        15       640    0.9466     0.882    0.9312    0.6388   0.02511   0.01209   0.00423
   159/199     0.87G   0.01975   0.01234  0.001048   0.03314        17       640    0.9607    0.8769    0.9274     0.641   0.02517   0.01221  0.004614
   160/199     0.87G   0.01954    0.0123   0.00114   0.03298        24       640    0.9503    0.8732    0.9213    0.6365   0.02521   0.01228  0.005153
   161/199     0.87G   0.01968    0.0119  0.001048   0.03263        15       640    0.9417    0.8816    0.9222    0.6359   0.02503   0.01234  0.005165
   162/199     0.87G   0.01969   0.01263  0.001041   0.03336        17       640    0.9462    0.8772    0.9212    0.6407   0.02492   0.01249  0.005038
   163/199     0.87G   0.01947   0.01215 0.0008421   0.03246        45       640    0.9526    0.8736    0.9257    0.6359   0.02492   0.01234  0.004858
   164/199     0.87G   0.01982   0.01271    0.0011   0.03364        12       640    0.9463    0.8708    0.9244    0.6406   0.02516   0.01227   0.00516
   165/199     0.87G   0.01932   0.01234 0.0006928   0.03236         7       640    0.9564    0.8701    0.9252    0.6389   0.02505   0.01225  0.005405
   166/199     0.87G   0.01993   0.01282 0.0008219   0.03358        14       640    0.9505    0.8818    0.9237    0.6408   0.02508   0.01241  0.005669
   167/199     0.87G   0.01936   0.01226 0.0008554   0.03248        10       640    0.9626    0.8754    0.9269    0.6381   0.02505   0.01224  0.005193
   168/199     0.87G   0.01969    0.0123  0.001098   0.03309        12       640    0.9521    0.8872     0.929      0.64   0.02505   0.01215  0.004721
   169/199     0.87G   0.01944   0.01214 0.0006665   0.03225         9       640    0.9512    0.8847    0.9271    0.6366   0.02521   0.01216  0.004841
   170/199     0.87G   0.01926   0.01203  0.001016    0.0323        16       640    0.9424    0.8977     0.932    0.6424   0.02514   0.01203  0.004746
   171/199     0.87G   0.01969   0.01269  0.001064   0.03344         7       640    0.9563    0.8801    0.9296    0.6383   0.02509   0.01219  0.004694
   172/199     0.87G   0.01951   0.01226 0.0007961   0.03257        12       640    0.9517    0.8811    0.9295     0.635   0.02521   0.01224  0.005337
   173/199     0.87G   0.01916   0.01244  0.001063   0.03266        10       640    0.9601    0.8647    0.9283    0.6377   0.02515   0.01232  0.006195
   174/199     0.87G   0.01917   0.01213 0.0008801   0.03218         9       640    0.9481    0.8777    0.9294    0.6405   0.02498   0.01226  0.005634
   175/199     0.87G   0.01938   0.01277 0.0009118   0.03307        19       640    0.9445    0.8755    0.9291     0.638   0.02508   0.01235  0.005378
   176/199     0.87G   0.01853    0.0119 0.0006893   0.03112        18       640    0.9342    0.8877    0.9322    0.6391   0.02502   0.01229  0.005036
   177/199     0.87G   0.01871   0.01182 0.0009259   0.03146        13       640    0.9465      0.89     0.931    0.6411   0.02499   0.01223  0.004992
   178/199     0.87G   0.01925   0.01245 0.0009594   0.03266         4       640     0.948    0.8868    0.9338    0.6409   0.02523   0.01223  0.004752
   179/199     0.87G    0.0187    0.0119 0.0008271   0.03142        23       640    0.9481    0.8856    0.9305     0.637    0.0252   0.01231  0.004951
   180/199     0.87G   0.01834   0.01194 0.0008279   0.03111        25       640    0.9499    0.8797    0.9323    0.6413   0.02503   0.01233  0.005137
   181/199     0.87G   0.01911   0.01182  0.001097   0.03203        34       640    0.9269    0.8971    0.9287    0.6412   0.02494   0.01231  0.005062
   182/199     0.87G    0.0187   0.01214 0.0008763   0.03172        18       640    0.9483    0.8853    0.9294    0.6387   0.02497   0.01221   0.00514
   183/199     0.87G   0.01903   0.01179  0.001012   0.03184        12       640    0.9422    0.8862    0.9317    0.6413     0.025   0.01219  0.004629
   184/199     0.87G   0.01906    0.0119 0.0007098   0.03167        12       640    0.9536    0.8795    0.9308    0.6418   0.02511   0.01222  0.004691
   185/199     0.87G    0.0188   0.01221 0.0008279   0.03184        28       640    0.9469    0.8911     0.934    0.6412    0.0249   0.01239  0.004723
   186/199     0.87G   0.01862   0.01157  0.000948   0.03114        16       640    0.9388    0.8946    0.9296    0.6387   0.02497   0.01231  0.005104
   187/199     0.87G   0.01893   0.01222 0.0008521   0.03201        23       640    0.9531    0.8801    0.9329    0.6378    0.0251   0.01234  0.005068
   188/199     0.87G   0.01889   0.01176 0.0006954   0.03135        11       640    0.9474    0.8799    0.9347     0.645   0.02498   0.01235  0.004556
   189/199     0.87G   0.01848   0.01161 0.0007751   0.03086        12       640    0.9478    0.8863    0.9364    0.6428   0.02484   0.01236   0.00466
   190/199     0.87G   0.01851   0.01227 0.0007791   0.03156        25       640    0.9507    0.8814    0.9324    0.6391   0.02521   0.01252  0.004896
   191/199     0.87G   0.01842   0.01162 0.0008673   0.03091        26       640    0.9444    0.8859    0.9312    0.6417   0.02512    0.0125  0.005017
   192/199     0.87G   0.01819   0.01159 0.0009782   0.03076        10       640    0.9502    0.8781    0.9318     0.638   0.02499   0.01248  0.004799
   193/199     0.87G   0.01856   0.01162 0.0008416   0.03102        24       640    0.9376    0.8952     0.934    0.6388   0.02494   0.01253  0.004425
   194/199     0.87G   0.01874    0.0119 0.0007831   0.03142         6       640    0.9465    0.8834    0.9298    0.6346   0.02509   0.01245  0.004847
   195/199     0.87G   0.01856   0.01226 0.0007323   0.03156        17       640    0.9446     0.884    0.9235    0.6359   0.02505   0.01248   0.00528
   196/199     0.87G   0.01834   0.01161  0.001007   0.03095        14       640    0.9319    0.8997    0.9344    0.6401   0.02486   0.01249  0.004976
   197/199     0.87G   0.01804   0.01181 0.0008022   0.03066        16       640    0.9376    0.8929     0.934     0.639   0.02492   0.01235  0.005048
   198/199     0.87G    0.0182   0.01164  0.000921   0.03076        10       640     0.916     0.903    0.9316    0.6379   0.02508   0.01253  0.005027
   199/199     0.87G   0.01818   0.01137 0.0008661   0.03042        12       640    0.9486    0.8779    0.9311    0.6377    0.0251   0.01257  0.005101
