     0/199    0.824G   0.09365     0.037   0.02598    0.1566        65       640    0.1565    0.1703   0.05436   0.01116   0.06232   0.02795   0.02198
     1/199    0.843G   0.07031   0.03061   0.01807     0.119        23       640    0.4605    0.4858    0.4018    0.1445   0.05755   0.02083   0.01473
     2/199    0.921G   0.06681   0.02829   0.01318    0.1083         8       640    0.5685    0.5478    0.5535    0.1965   0.05191   0.01868   0.01058
     3/199    0.921G   0.05781   0.02452  0.009898   0.09223        18       640    0.6602     0.676    0.6937    0.2745   0.05131   0.01576  0.008987
     4/199    0.921G   0.05091   0.02438  0.008469   0.08376        49       640    0.8946    0.6785    0.7828    0.3823   0.03986   0.01569  0.009553
     5/199    0.921G   0.04643   0.02405   0.00717   0.07765        12       640    0.8675    0.7609    0.8315    0.4633    0.0376   0.01482  0.005832
     6/199    0.921G    0.0438   0.02274  0.007179   0.07371        23       640    0.8442    0.7588    0.8014     0.451    0.0351   0.01457  0.009283
     7/199    0.921G    0.0422   0.02193   0.00663   0.07076        10       640    0.9195     0.781    0.8565    0.4544   0.03662   0.01427  0.005953
     8/199    0.921G   0.04011   0.02204  0.005847     0.068        19       640    0.8502    0.7979    0.8578    0.5257   0.03156    0.0146  0.005699
     9/199    0.921G   0.03981   0.02199   0.00589   0.06769        14       640    0.9055    0.7894    0.8651    0.5248   0.03212   0.01387  0.005488
    10/199    0.921G   0.03809   0.02127  0.005328   0.06469        31       640     0.891    0.7884    0.8611    0.5238   0.03176   0.01399  0.004894
    11/199    0.921G    0.0383   0.02071  0.005586    0.0646        27       640    0.9173    0.8093    0.8694    0.5312   0.03153   0.01377  0.004714
    12/199    0.921G   0.03704   0.02096  0.004963   0.06297        12       640    0.8895    0.8296    0.8805    0.5553   0.03058   0.01338  0.004979
    13/199    0.921G   0.03545   0.02016  0.004889    0.0605        14       640    0.8955    0.8241    0.8874    0.5601   0.02955   0.01356  0.004587
    14/199    0.921G   0.03674   0.02079  0.004833   0.06236        13       640    0.8853    0.8302    0.8799     0.556    0.0304   0.01327  0.005731
    15/199    0.921G   0.03501   0.02013  0.004761   0.05991        20       640    0.8928    0.8321     0.886    0.5598   0.02937   0.01305  0.004767
    16/199    0.921G   0.03442   0.01928  0.004576   0.05828        16       640    0.9396    0.8103    0.8907    0.5729   0.02921   0.01298  0.004282
    17/199    0.921G   0.03418   0.02011  0.004895   0.05918        13       640    0.9311    0.8208    0.9067     0.576   0.02901   0.01288  0.003933
    18/199    0.921G   0.03521   0.01966  0.004452   0.05932        24       640    0.9266    0.8628    0.9049    0.5754   0.02852    0.0128  0.003725
    19/199    0.921G   0.03475   0.01917   0.00429   0.05822        17       640    0.9248    0.8473    0.9021    0.5702    0.0282    0.0128  0.004173
    20/199    0.921G   0.03409   0.01925  0.003983   0.05733         9       640    0.9431    0.8312     0.901    0.5824   0.02826   0.01288  0.004628
    21/199    0.921G   0.03358   0.01865  0.004367   0.05659        18       640     0.934    0.8137    0.9016    0.5812   0.02842   0.01284  0.005601
    22/199    0.921G   0.03374   0.01906  0.004167   0.05696         8       640    0.9008    0.8503    0.9005    0.5788   0.02836   0.01288  0.005007
    23/199    0.921G   0.03328   0.01858  0.004172   0.05603         7       640    0.9242    0.8369    0.9015    0.5766   0.02865   0.01305  0.003817
    24/199    0.921G   0.03337   0.01908  0.003937   0.05638        18       640    0.9286    0.8626    0.9068    0.5948   0.02798   0.01281  0.003397
    25/199    0.921G   0.03281   0.01869  0.003497   0.05499        16       640    0.9407    0.8361    0.8982    0.5861   0.02741   0.01249  0.004409
    26/199    0.921G   0.03225   0.01862  0.003682   0.05455        15       640    0.9237     0.835    0.9018    0.5834   0.02765   0.01301  0.004903
    27/199    0.921G   0.03213   0.01862  0.003214   0.05397        46       640    0.9359     0.829    0.8956    0.5854   0.02773   0.01243  0.005268
    28/199    0.921G   0.03099    0.0177  0.003269   0.05195         9       640    0.8886    0.8667    0.9031     0.592   0.02767   0.01263  0.004846
    29/199    0.921G   0.03214   0.01891  0.003902   0.05496        10       640    0.9094    0.8612    0.9011    0.5924    0.0278   0.01253  0.004659
    30/199    0.921G   0.03096   0.01785  0.003122   0.05193         7       640    0.9072     0.849     0.901     0.602   0.02702   0.01253  0.004732
    31/199    0.921G   0.03203   0.01821  0.003644   0.05389        20       640    0.9223    0.8716    0.9197    0.6016   0.02707   0.01263  0.003686
    32/199    0.921G   0.03132   0.01831  0.003249   0.05288        35       640    0.9058    0.8554    0.9132    0.5988    0.0273   0.01252  0.003969
    33/199    0.921G   0.03096   0.01818  0.003268   0.05241        12       640    0.9128    0.8563    0.9145    0.5976   0.02704    0.0124  0.003827
    34/199    0.921G    0.0312   0.01825  0.003228   0.05268        21       640    0.9064    0.8809    0.9152    0.6068   0.02708   0.01216  0.003216
    35/199    0.921G   0.03055   0.01748  0.002897   0.05093        15       640    0.9123    0.8703      0.91    0.6002   0.02703   0.01204  0.003727
    36/199    0.921G   0.03015   0.01749  0.003518   0.05115         9       640    0.9397    0.8605    0.9166    0.6063   0.02661   0.01217  0.004079
    37/199    0.921G   0.03069   0.01757  0.002485   0.05074        12       640    0.9522    0.8372    0.9128    0.5998   0.02707   0.01213  0.003943
    38/199    0.921G   0.03056   0.01761   0.00273    0.0509        18       640    0.9372    0.8325    0.9103    0.6037   0.02693   0.01257  0.003995
    39/199    0.921G      0.03   0.01711  0.002454   0.04956        15       640    0.9646     0.827    0.9107    0.6081   0.02686   0.01227   0.00408
    40/199    0.921G   0.02908   0.01749  0.003003   0.04957        31       640    0.9428    0.8409    0.9116     0.609   0.02654   0.01225  0.003916
    41/199    0.921G   0.02916   0.01679  0.003077   0.04902         9       640    0.9376    0.8719    0.9173    0.6084   0.02658    0.0124  0.003728
    42/199    0.921G    0.0293   0.01646  0.002768   0.04852         8       640    0.9379    0.8622    0.9112    0.6077   0.02654   0.01235  0.003905
    43/199    0.921G   0.02986   0.01688  0.002855   0.04959        15       640    0.9223    0.8878    0.9153     0.614   0.02645   0.01205  0.003938
    44/199    0.921G   0.02889    0.0174  0.002737   0.04903        12       640    0.9345    0.8694    0.9158     0.623   0.02618   0.01215  0.004129
    45/199    0.921G   0.02902   0.01777  0.002531   0.04932        10       640     0.922    0.8818    0.9233    0.6208   0.02608   0.01196  0.003954
    46/199    0.921G   0.02901    0.0168  0.003047   0.04886        17       640    0.9351    0.8568    0.9122     0.606   0.02643   0.01203  0.004536
    47/199    0.921G   0.02834   0.01675   0.00289   0.04798        19       640    0.9291    0.8597    0.9146    0.6042   0.02697   0.01215  0.004498
    48/199    0.921G   0.02893   0.01706  0.002392   0.04838        11       640    0.9347    0.8814    0.9223     0.614    0.0263   0.01202  0.004225
    49/199    0.921G   0.02847   0.01702  0.002739   0.04823        19       640     0.938    0.8725    0.9205    0.6137   0.02654   0.01189  0.003959
    50/199    0.921G     0.029   0.01707  0.002392   0.04845        15       640    0.9436    0.8791    0.9211    0.6206   0.02633   0.01188  0.004224
    51/199    0.921G    0.0285   0.01701  0.002711   0.04822        13       640    0.9529    0.8527    0.9155     0.611   0.02648   0.01184  0.004449
    52/199    0.921G   0.02756   0.01584   0.00256   0.04596         9       640     0.944    0.8544    0.9177    0.6109   0.02632   0.01188  0.004874
    53/199    0.921G   0.02822    0.0169  0.002351   0.04748        22       640    0.9371    0.8825    0.9189    0.6165   0.02625   0.01189  0.003517
    54/199    0.921G   0.02768   0.01614  0.002464   0.04628        13       640    0.9237    0.8768    0.9116    0.6157   0.02642   0.01233  0.003858
    55/199    0.921G   0.02776   0.01672  0.002312   0.04679        13       640    0.9503    0.8321    0.9135    0.6159   0.02621   0.01209  0.004599
    56/199    0.921G   0.02759   0.01605  0.002077   0.04572        16       640    0.9306    0.8599    0.9098    0.6068   0.02625    0.0122  0.004693
    57/199    0.921G   0.02842   0.01651  0.001929   0.04685        10       640    0.9636    0.8493    0.9192    0.6195   0.02596   0.01191  0.004874
    58/199    0.921G   0.02759   0.01628  0.001949   0.04582        10       640    0.9529    0.8654    0.9165    0.6194   0.02601   0.01192  0.004765
    59/199    0.921G    0.0277   0.01608   0.00272   0.04649        10       640    0.9464    0.8657    0.9146    0.6169   0.02653   0.01191  0.004231
    60/199    0.921G   0.02754    0.0157  0.002156   0.04539        23       640     0.927    0.8776    0.9248    0.6261   0.02616   0.01201   0.00422
    61/199    0.921G   0.02806   0.01673  0.002279   0.04706        16       640     0.931    0.8725    0.9222     0.629   0.02538   0.01167  0.004686
    62/199    0.921G   0.02692   0.01609  0.002578   0.04559        23       640    0.9339    0.8657    0.9204    0.6191   0.02624   0.01185  0.004195
    63/199    0.921G   0.02681   0.01567  0.002236   0.04472         7       640    0.9402    0.8556     0.912    0.6163   0.02622   0.01214  0.004419
