     0/199    0.824G   0.09518   0.03682   0.02602     0.158        65       640    0.1484    0.2539    0.0793   0.01993   0.06392   0.02858   0.02232
     1/199    0.845G    0.0706   0.03201   0.01934    0.1219        23       640    0.4658    0.4205    0.3927    0.1465   0.06104   0.02103   0.01792
     2/199    0.845G   0.07055   0.02878   0.01612    0.1154         8       640    0.4857    0.5477    0.4575    0.1454   0.05592   0.01908   0.01375
     3/199    0.845G   0.06008   0.02556    0.0121   0.09774        18       640    0.6899    0.6703    0.6952    0.2981   0.04357   0.01679  0.009334
     4/199    0.845G   0.05077   0.02478  0.008681   0.08423        49       640    0.8355    0.7402    0.8132    0.3819   0.04077   0.01553  0.007111
     5/199    0.845G   0.04683   0.02407  0.007238   0.07815        12       640    0.8611    0.7319     0.822    0.4585   0.03549   0.01517   0.00578
     6/199    0.845G   0.04452    0.0228  0.007348   0.07466        23       640    0.8414    0.7805    0.8385     0.492   0.03439   0.01467  0.005851
     7/199    0.845G   0.04183   0.02181  0.006449   0.07009        10       640    0.9182    0.7887    0.8692    0.5138   0.03239   0.01416  0.005898
     8/199    0.845G   0.04023   0.02242  0.006051   0.06869        19       640    0.8612     0.791    0.8586    0.5293   0.03232   0.01433  0.005452
     9/199    0.845G   0.04048   0.02225  0.005708   0.06844        14       640    0.8426    0.7963    0.8509    0.5311   0.03255   0.01386  0.005815
    10/199    0.845G    0.0392   0.02148  0.005425   0.06611        31       640    0.9008    0.8149    0.8752    0.5425   0.03137   0.01382  0.005116
    11/199    0.845G   0.03822   0.02087  0.005674   0.06476        27       640    0.9015    0.8067    0.8661    0.5339   0.03198   0.01357  0.005628
    12/199    0.845G   0.03747   0.02099  0.005223   0.06368        12       640    0.8916    0.8016    0.8725    0.5586   0.03049   0.01352  0.004753
    13/199    0.845G   0.03644   0.02033  0.005227   0.06199        14       640    0.9219    0.8116    0.8782    0.5688    0.0297   0.01361  0.004526
    14/199    0.845G   0.03693   0.02105  0.005188   0.06316        13       640    0.9085    0.8163    0.8754    0.5443   0.03041   0.01322  0.004952
    15/199    0.845G   0.03577   0.02042  0.004779   0.06097        20       640    0.9285    0.8161     0.888    0.5679    0.0302   0.01296  0.004511
    16/199    0.845G    0.0348   0.01945  0.004761   0.05901        16       640    0.9046    0.8494     0.902    0.5683   0.02923   0.01273  0.004454
    17/199    0.845G     0.035   0.02033  0.004604   0.05993        13       640    0.9295    0.8325    0.8965    0.5641   0.02994   0.01285  0.004606
    18/199    0.845G   0.03578   0.02005  0.004732   0.06056        24       640    0.9298    0.8115    0.8879    0.5523   0.02953   0.01306  0.004763
    19/199    0.845G    0.0349   0.01958  0.004345   0.05883        17       640    0.9217    0.8333    0.8965    0.5746   0.02889   0.01283  0.004125
    20/199    0.845G   0.03397   0.01939  0.004295   0.05765         9       640    0.9068    0.8532    0.8948    0.5918   0.02858   0.01269  0.004493
    21/199    0.845G   0.03367   0.01867  0.004261    0.0566        18       640     0.918    0.8537    0.9039    0.5929   0.02832    0.0126  0.004325
    22/199    0.845G   0.03358   0.01893  0.004066   0.05658         8       640    0.9229    0.8475    0.8977    0.5824   0.02862   0.01261  0.004766
    23/199    0.845G   0.03321   0.01845  0.003986   0.05565         7       640    0.9316    0.8151    0.9005     0.578   0.02871   0.01284  0.004562
    24/199    0.845G   0.03356   0.01899  0.003771   0.05632        18       640    0.9222    0.8497    0.8972    0.5749   0.02785   0.01273  0.004354
    25/199    0.845G   0.03253   0.01854  0.003081   0.05415        16       640    0.9267     0.847    0.9043    0.5908    0.0278   0.01225  0.005019
    26/199    0.845G    0.0323   0.01867  0.003643   0.05461        15       640    0.9383    0.8144    0.8965    0.5723   0.02855   0.01267  0.005641
    27/199    0.845G   0.03221   0.01867  0.003214   0.05409        46       640    0.9066    0.8563    0.9092    0.6122   0.02744    0.0122  0.004605
    28/199    0.845G   0.03153   0.01781  0.003143   0.05248         9       640     0.931    0.8149    0.8949    0.5794   0.02848   0.01294  0.005427
    29/199    0.845G   0.03233   0.01907  0.003938   0.05534        10       640    0.9351    0.8495    0.9053     0.587   0.02792   0.01251  0.004782
    30/199    0.845G   0.03137   0.01798  0.003044    0.0524         7       640    0.9203    0.8452     0.907    0.5983   0.02736   0.01243  0.004611
    31/199    0.845G   0.03184   0.01825  0.003528   0.05362        20       640    0.9472     0.846    0.9065    0.5997   0.02763   0.01249  0.004243
    32/199    0.845G   0.03161   0.01828  0.003438   0.05332        35       640    0.9276    0.8483    0.9036    0.5994   0.02746   0.01273   0.00461
    33/199    0.845G   0.03087   0.01805  0.003328   0.05225        12       640    0.9432    0.8109    0.8959    0.5928   0.02754   0.01296  0.004624
    34/199    0.845G   0.03122   0.01836  0.003213    0.0528        21       640    0.9517    0.8325     0.907    0.5975   0.02761    0.0122  0.004594
    35/199    0.845G   0.03077   0.01761   0.00289   0.05127        15       640    0.8906    0.8683    0.9095     0.601   0.02726   0.01254  0.004214
    36/199    0.845G   0.03027   0.01758  0.003533   0.05138         9       640    0.9376    0.8504    0.9123    0.6008   0.02741    0.0123  0.004096
    37/199    0.845G   0.03048   0.01764  0.002548   0.05067        12       640     0.926     0.862     0.914    0.6024   0.02709   0.01231  0.003875
    38/199    0.845G   0.03058   0.01783  0.003059   0.05147        18       640    0.9362    0.8639    0.9151    0.6151   0.02694   0.01206  0.003817
    39/199    0.845G   0.03004   0.01726  0.002599    0.0499        15       640    0.9359    0.8432    0.9086    0.6136   0.02727   0.01224  0.004565
    40/199    0.845G   0.02991   0.01783  0.002846   0.05059        31       640    0.9451    0.8217    0.9062    0.6028    0.0267   0.01274  0.004674
    41/199    0.845G   0.02965   0.01703  0.003269   0.04995         9       640    0.9288    0.8599    0.9156    0.6163   0.02665   0.01224  0.003619
    42/199    0.845G   0.02939   0.01667  0.002528   0.04858         8       640    0.9459    0.8623    0.9136    0.6056   0.02626   0.01228  0.003448
    43/199    0.845G   0.02962     0.017  0.003011   0.04963        15       640    0.9428    0.8644    0.9104    0.6149   0.02603   0.01231  0.003602
    44/199    0.845G   0.02892   0.01759  0.003015   0.04952        12       640    0.9316    0.8738    0.9194    0.6143   0.02674   0.01207  0.003152
    45/199    0.845G   0.02895   0.01809  0.002767   0.04981        10       640    0.9355    0.8727    0.9141    0.6165   0.02631    0.0122  0.003485
    46/199    0.845G   0.02912   0.01705  0.003016   0.04919        17       640     0.903    0.8592    0.9117    0.6131    0.0263   0.01201  0.004302
    47/199    0.845G   0.02857   0.01677  0.002754   0.04809        19       640    0.9215    0.8669    0.9126     0.622   0.02627   0.01209  0.003594
    48/199    0.845G   0.02922    0.0173  0.002489     0.049        11       640    0.9516    0.8558    0.9157    0.6204   0.02636   0.01196  0.003602
    49/199    0.845G   0.02862    0.0171  0.002621   0.04834        19       640     0.949     0.829    0.9038    0.6111   0.02673   0.01238  0.004912
    50/199    0.845G   0.02914   0.01731  0.002485   0.04893        15       640    0.9452    0.8552    0.9116    0.6226   0.02631   0.01219  0.004347
