      0/19    0.824G   0.09543   0.03711   0.02621    0.1588        65       640    0.1224     0.167   0.04545  0.009152   0.06478   0.02868   0.02122
      1/19    0.843G   0.07099   0.03238   0.01783    0.1212        23       640    0.3533    0.3642    0.2396   0.07621   0.06079    0.0217   0.01898
      2/19    0.845G   0.06876   0.03002   0.01357    0.1123         8       640    0.4025    0.6062    0.4631    0.1733   0.05722   0.01803   0.01037
      3/19    0.879G   0.05889   0.02539   0.01041   0.09469        18       640     0.721    0.6375    0.6746    0.2832   0.04485   0.01723  0.008516
      4/19    0.879G   0.04988    0.0251  0.008163   0.08314        49       640    0.7929     0.707    0.7529    0.3991   0.03824   0.01616   0.01201
      5/19    0.879G   0.04643   0.02366  0.006916   0.07701        12       640    0.8833    0.7435    0.8317    0.4763   0.03447   0.01489  0.005889
      6/19    0.879G   0.04253   0.02289  0.007062   0.07248        23       640    0.8767    0.7916    0.8486    0.5044   0.03329   0.01441  0.005625
      7/19    0.879G   0.03989   0.02181   0.00638   0.06808        10       640    0.9413    0.8087    0.8744    0.4975   0.03263   0.01397  0.004692
      8/19    0.879G   0.03883   0.02188  0.005829   0.06653        19       640    0.8507    0.8428    0.8757    0.5363   0.03023    0.0138   0.00514
      9/19    0.879G   0.03773   0.02164  0.005562   0.06493        14       640    0.8804    0.8147    0.8824    0.5462   0.03023   0.01382  0.004828
     10/19    0.879G   0.03616   0.02097  0.005139   0.06227        31       640    0.9194     0.808    0.8812    0.5481   0.02922   0.01347  0.004763
     11/19    0.879G   0.03498   0.02008  0.004888   0.05995        27       640    0.9056    0.8125    0.8855    0.5674    0.0295   0.01309  0.004666
     12/19    0.879G   0.03356   0.02008  0.004621   0.05826        12       640    0.9114    0.8106    0.8879    0.5783   0.02874   0.01306  0.004675
     13/19    0.879G   0.03307   0.01952  0.004471   0.05706        14       640    0.9098    0.8528    0.9036    0.5902   0.02743   0.01258  0.003982
     14/19    0.879G   0.03295   0.01996  0.004431   0.05734        13       640    0.9388    0.8112    0.9031    0.5874   0.02761    0.0126  0.004006
     15/19    0.879G   0.03105   0.01907  0.003971   0.05409        20       640     0.911     0.859    0.9063    0.5953   0.02743   0.01246  0.003757
     16/19    0.879G   0.03085   0.01824  0.003831   0.05292        16       640    0.9228    0.8581    0.9093    0.5947   0.02709   0.01229  0.003658
     17/19    0.879G   0.03066   0.01887  0.003582   0.05312        13       640    0.9059    0.8582    0.9095     0.601   0.02657   0.01214  0.004165
     18/19    0.879G   0.03049   0.01853  0.003626   0.05264        24       640    0.9263    0.8627    0.9193    0.6142   0.02641    0.0123  0.003302
     19/19    0.879G   0.02996   0.01811  0.003323   0.05139        17       640    0.9269    0.8463    0.9079     0.603   0.02632    0.0121  0.004147
