     0/199    0.843G   0.09439   0.03702   0.02588    0.1573        65       640     0.172    0.2059   0.08262   0.01938   0.06719   0.02697   0.02299
     1/199    0.843G   0.07056   0.03144   0.01831    0.1203        23       640    0.4377    0.4444    0.3515   0.08924   0.06212   0.02121   0.01623
     2/199    0.843G   0.06743   0.02899   0.01397    0.1104         8       640    0.3923    0.4274      0.36    0.1021   0.06005   0.01803   0.01227
     3/199    0.845G   0.05924     0.025   0.01059   0.09483        18       640    0.6694    0.6238    0.6546    0.2794   0.04491   0.01666  0.008685
     4/199    0.845G   0.04872   0.02485  0.008087   0.08166        49       640    0.8453    0.7151    0.7849    0.3461   0.04193   0.01587  0.007054
     5/199    0.845G   0.04657   0.02404   0.00692   0.07752        12       640    0.8553    0.7488    0.8222    0.4433   0.03606    0.0154  0.006005
     6/199    0.845G   0.04436     0.023  0.007757   0.07512        23       640    0.8797    0.7785    0.8428    0.4775   0.03512   0.01482  0.005756
     7/199    0.845G   0.04238   0.02215  0.006651   0.07118        10       640    0.9013    0.7969    0.8628    0.5008   0.03307   0.01433  0.005557
     8/199    0.845G   0.04028    0.0222  0.006005   0.06849        19       640     0.862    0.7625    0.8455    0.5096   0.03246    0.0145  0.005473
     9/199    0.845G   0.04095   0.02223  0.005935   0.06911        14       640    0.9152    0.7897    0.8702    0.5175   0.03196    0.0142  0.005891
    10/199    0.845G   0.03881    0.0216  0.005937   0.06634        31       640    0.8931    0.8186    0.8698    0.5203    0.0315    0.0142  0.004523
    11/199    0.845G   0.03846   0.02086  0.005312   0.06463        27       640    0.8785    0.8148    0.8634     0.536   0.03177   0.01383  0.005021
    12/199    0.845G   0.03734   0.02106  0.005451   0.06385        12       640     0.934    0.8057    0.8845    0.5604    0.0312   0.01339  0.004739
    13/199    0.845G   0.03648   0.02044  0.005272   0.06219        14       640    0.9292    0.8139    0.8901    0.5577   0.03025   0.01327  0.004086
    14/199    0.845G   0.03727   0.02097  0.005062    0.0633        13       640    0.9255    0.8208    0.8827    0.5492   0.03015    0.0134  0.005124
    15/199    0.845G   0.03589   0.02034  0.004745   0.06097        20       640    0.8983    0.8408    0.8978     0.565   0.02976   0.01291  0.004138
    16/199    0.845G   0.03488   0.01945  0.004617   0.05895        16       640    0.9184    0.8284    0.8942     0.569   0.02953   0.01306  0.004322
    17/199    0.845G   0.03534   0.02011  0.004532   0.05998        13       640    0.9332    0.8147    0.8898    0.5527   0.02972   0.01321  0.004374
    18/199    0.845G   0.03525   0.01994  0.004652   0.05984        24       640    0.9209    0.8378    0.8946    0.5658   0.02867   0.01303  0.004469
    19/199    0.845G   0.03484   0.01941  0.004128   0.05838        17       640    0.9102    0.8538    0.8974    0.5672   0.02854    0.0127  0.004041
    20/199    0.845G   0.03349   0.01936  0.004355   0.05721         9       640    0.9111    0.8298    0.8942    0.5785   0.02881   0.01297  0.005058
    21/199    0.845G   0.03341   0.01875  0.004468   0.05663        18       640    0.9445    0.8145    0.8971    0.5762   0.02839   0.01279  0.004363
    22/199    0.845G   0.03386   0.01919  0.004226   0.05728         8       640     0.936    0.8398    0.8999    0.5802   0.02842   0.01293  0.003969
    23/199    0.845G   0.03263   0.01869  0.003984   0.05531         7       640    0.9274    0.8386    0.8987    0.5811    0.0287   0.01281  0.003773
    24/199    0.845G   0.03414   0.01913   0.00364   0.05691        18       640    0.9247    0.8189    0.8947    0.5709   0.02884   0.01293  0.004234
    25/199    0.845G   0.03299   0.01872  0.003311   0.05502        16       640    0.9208    0.8425    0.8946    0.5847   0.02837   0.01254  0.004938
    26/199    0.845G   0.03257   0.01883  0.003824   0.05523        15       640    0.9186    0.8401    0.9002     0.586   0.02772   0.01272  0.003885
    27/199    0.845G   0.03204   0.01883  0.003237   0.05411        46       640    0.9254    0.8622    0.9135    0.5916    0.0279   0.01221  0.004443
    28/199    0.845G   0.03186   0.01782  0.003264   0.05295         9       640    0.9457    0.8433    0.9088    0.5868   0.02802   0.01263    0.0042
    29/199    0.845G   0.03218   0.01897  0.004014   0.05517        10       640    0.9383    0.8372    0.9094     0.589   0.02761   0.01228  0.004266
    30/199    0.845G   0.03186     0.018  0.003184   0.05304         7       640    0.9345    0.8215    0.8995    0.5856   0.02778   0.01266   0.00477
    31/199    0.845G    0.0319    0.0183  0.003551   0.05376        20       640    0.9226    0.8467    0.9077    0.5987   0.02748    0.0123  0.004322
    32/199    0.845G   0.03152   0.01829  0.003192     0.053        35       640    0.9111    0.8597    0.9131    0.5973   0.02781   0.01228  0.004465
    33/199    0.845G   0.03085    0.0182  0.003395   0.05245        12       640    0.9166    0.8486    0.9026    0.5943   0.02784   0.01253  0.004272
    34/199    0.845G   0.03154    0.0185   0.00301   0.05305        21       640    0.9364    0.8407    0.9106    0.6025   0.02725   0.01208   0.00421
    35/199    0.845G   0.03084   0.01758  0.002882    0.0513        15       640    0.9206    0.8706     0.907    0.6008   0.02678    0.0121  0.004667
    36/199    0.845G    0.0307   0.01767  0.003371   0.05175         9       640    0.9266    0.8654    0.9168     0.614   0.02689   0.01207  0.004265
    37/199    0.845G   0.03084   0.01777  0.002819   0.05143        12       640    0.9539    0.8486    0.9131    0.6021   0.02706   0.01208  0.004364
    38/199    0.845G   0.03071   0.01791  0.002995   0.05162        18       640     0.924     0.874    0.9177    0.6162   0.02683    0.0118  0.003766
    39/199    0.845G    0.0294   0.01715  0.002769   0.04931        15       640    0.9157    0.8785    0.9189    0.6165   0.02672   0.01195  0.003934
    40/199    0.845G   0.02974   0.01778  0.002981    0.0505        31       640    0.9529    0.8368     0.906     0.603    0.0269   0.01235  0.004026
    41/199    0.845G   0.03019   0.01728   0.00306   0.05053         9       640    0.9554    0.8256    0.9155    0.6124   0.02646   0.01218  0.004117
    42/199    0.845G   0.02967   0.01676  0.002861   0.04929         8       640    0.9354    0.8646    0.9088    0.6087   0.02667   0.01201  0.004056
    43/199    0.845G   0.02984   0.01707  0.002984    0.0499        15       640    0.9292    0.8648    0.9113    0.6045   0.02646   0.01202  0.004217
    44/199    0.845G    0.0291   0.01759  0.002876   0.04957        12       640     0.941     0.851    0.9116    0.6128   0.02703   0.01206  0.004698
    45/199    0.845G   0.02919   0.01803  0.002851   0.05007        10       640    0.9292    0.8548    0.9155    0.6067   0.02675   0.01213  0.004439
    46/199    0.845G   0.02907   0.01698  0.003209   0.04926        17       640    0.9434    0.8625    0.9113    0.6098   0.02629    0.0119  0.004112
    47/199    0.845G   0.02848   0.01694  0.002891   0.04831        19       640    0.9188    0.8574    0.9106    0.6151   0.02668   0.01218  0.003917
    48/199    0.845G   0.02869   0.01715  0.002454   0.04829        11       640    0.9443    0.8523    0.9089    0.6119    0.0263   0.01227  0.004247
    49/199    0.845G   0.02904   0.01718  0.002573    0.0488        19       640    0.9445    0.8598    0.9132    0.6106   0.02677     0.012  0.004203
    50/199    0.845G   0.02936   0.01725  0.002429   0.04904        15       640    0.9284    0.8644     0.911    0.6193   0.02682   0.01193   0.00452
    51/199    0.845G   0.02875   0.01716   0.00267   0.04859        13       640    0.9098     0.877    0.9184    0.6176   0.02654   0.01182  0.003937
    52/199    0.845G    0.0283   0.01622  0.002752   0.04728         9       640    0.9612    0.8562    0.9167    0.6042   0.02671   0.01201  0.004277
    53/199    0.845G   0.02832   0.01699  0.002566   0.04788        22       640    0.9235    0.8741    0.9161    0.6183   0.02617   0.01219  0.004267
    54/199    0.845G   0.02805    0.0165  0.002647    0.0472        13       640    0.9262    0.8741    0.9214    0.6186   0.02624   0.01189  0.004125
    55/199    0.845G   0.02793   0.01692  0.002682   0.04753        13       640     0.938     0.865    0.9207    0.6184   0.02592   0.01192  0.004137
    56/199    0.845G   0.02743   0.01623  0.002069   0.04572        16       640    0.9232    0.8768    0.9127    0.6141   0.02628   0.01208  0.004291
    57/199    0.845G   0.02857   0.01666  0.001942   0.04717        10       640     0.904    0.8913    0.9208    0.6181    0.0263   0.01187   0.00434
    58/199    0.845G   0.02754   0.01635  0.002016   0.04591        10       640    0.9377    0.8619    0.9141      0.62   0.02598   0.01193  0.004307
    59/199    0.845G   0.02752   0.01605  0.002409   0.04597        10       640    0.9203    0.8801    0.9221    0.6235   0.02597   0.01195  0.003939
    60/199    0.845G   0.02772   0.01589  0.002073   0.04568        23       640    0.9548    0.8493    0.9176    0.6205   0.02619   0.01205  0.004477
    61/199    0.845G   0.02827   0.01673  0.002267   0.04727        16       640    0.9393    0.8554    0.9221    0.6325   0.02589   0.01181  0.003505
    62/199    0.845G   0.02744   0.01605  0.002373   0.04586        23       640    0.9517    0.8543    0.9182    0.6199   0.02625   0.01197  0.003771
    63/199    0.845G    0.0277   0.01566  0.002069   0.04543         7       640    0.9327    0.8733    0.9184    0.6246   0.02567   0.01213  0.003609
    64/199    0.845G    0.0272   0.01612   0.00183   0.04515        11       640    0.9442    0.8754    0.9183    0.6303   0.02574   0.01181  0.003684
    65/199    0.845G   0.02729   0.01575  0.002172   0.04521        13       640    0.9297     0.878    0.9221    0.6334   0.02565   0.01161  0.003742
    66/199    0.845G   0.02719   0.01626  0.002037   0.04548        12       640    0.9409    0.8762    0.9258    0.6273   0.02562    0.0117  0.003091
    67/199    0.845G   0.02639   0.01576  0.002324   0.04447        12       640     0.949    0.8725    0.9218    0.6308   0.02566   0.01185  0.003709
    68/199    0.845G   0.02724   0.01663  0.002217   0.04609         8       640    0.9428    0.8798    0.9231    0.6217   0.02591   0.01168  0.003657
    69/199    0.845G   0.02691    0.0157  0.002071   0.04468         8       640    0.9218    0.8803    0.9212    0.6193   0.02607   0.01175  0.004257
    70/199    0.845G    0.0263    0.0156  0.002073   0.04398        24       640    0.9317    0.8711    0.9237    0.6247   0.02596   0.01164  0.003704
    71/199    0.845G   0.02668   0.01628   0.00214    0.0451        11       640     0.939    0.8572    0.9198    0.6207    0.0257   0.01182  0.003659
    72/199    0.845G   0.02639   0.01598  0.001952   0.04432        13       640    0.9367    0.8705    0.9174    0.6235   0.02604    0.0119  0.004156
    73/199    0.845G   0.02686   0.01636  0.001998   0.04522        21       640    0.9594    0.8675    0.9295      0.63   0.02571   0.01172  0.003552
    74/199    0.845G   0.02613   0.01561  0.001929   0.04367        17       640    0.9439    0.8841    0.9242    0.6274   0.02607   0.01195  0.003613
    75/199    0.845G    0.0265   0.01586  0.001866   0.04422        12       640    0.9494    0.8739    0.9307    0.6333   0.02579   0.01152  0.003872
    76/199    0.845G   0.02571   0.01529  0.001601    0.0426        21       640    0.9487    0.8702    0.9239    0.6223   0.02598   0.01188   0.00398
    77/199    0.845G   0.02538   0.01517  0.002042   0.04259        10       640    0.9365     0.875    0.9234     0.631    0.0256   0.01175  0.004295
    78/199    0.845G   0.02568   0.01565   0.00173   0.04306        13       640    0.9307    0.8867    0.9262    0.6343    0.0258   0.01166  0.003656
    79/199    0.845G   0.02619   0.01586  0.001679   0.04373        15       640    0.9513    0.8571    0.9173      0.62   0.02619   0.01185   0.00421
    80/199    0.845G   0.02598   0.01576  0.001807   0.04354        18       640    0.9448    0.8713    0.9218    0.6226   0.02611   0.01163  0.004317
    81/199    0.845G    0.0251   0.01527   0.00178   0.04214        15       640    0.9366    0.8822    0.9234    0.6267   0.02561   0.01164  0.003887
    82/199    0.845G   0.02591   0.01534  0.002158   0.04341        13       640     0.948    0.8559    0.9164    0.6232   0.02573   0.01165  0.004483
    83/199    0.845G   0.02557   0.01578  0.001857   0.04321        16       640    0.9491    0.8667    0.9166    0.6254   0.02605   0.01172  0.004961
    84/199    0.845G    0.0256   0.01532  0.001865   0.04279        13       640    0.9472    0.8806    0.9218    0.6203   0.02622   0.01175  0.003733
    85/199    0.845G   0.02556   0.01555  0.002627   0.04373        17       640    0.9434    0.8808    0.9179    0.6201   0.02623   0.01185  0.003357
    86/199    0.845G   0.02546   0.01541   0.00217   0.04304         8       640    0.9162    0.8901    0.9234    0.6214   0.02575   0.01191  0.003969
    87/199    0.845G   0.02534   0.01547  0.001943   0.04276        24       640    0.9361    0.8713    0.9176    0.6325   0.02568   0.01191  0.003786
    88/199    0.845G   0.02489   0.01513  0.001817   0.04183        11       640    0.9407    0.8854     0.917    0.6272   0.02561   0.01183  0.003611
    89/199    0.845G   0.02507   0.01484  0.001435   0.04134        13       640    0.9445    0.8841    0.9251    0.6329    0.0253   0.01179  0.003804
    90/199    0.845G   0.02469   0.01525  0.002076   0.04202        22       640    0.9375    0.8865    0.9236    0.6245   0.02557   0.01169  0.003698
    91/199    0.845G   0.02465   0.01465  0.002198    0.0415        18       640    0.9525    0.8773    0.9224     0.635   0.02544    0.0117  0.003342
    92/199    0.845G   0.02476   0.01485  0.001389     0.041        17       640    0.9495    0.8783    0.9218    0.6352   0.02552   0.01168  0.003619
    93/199    0.845G   0.02495   0.01525  0.001712   0.04191        21       640    0.9584    0.8682    0.9214     0.634   0.02581   0.01187   0.00377
    94/199    0.845G   0.02444   0.01449    0.0016   0.04053         8       640    0.9491     0.876    0.9265    0.6348   0.02563   0.01188  0.003657
    95/199    0.845G   0.02452   0.01474  0.001703   0.04097        21       640    0.9415    0.8761    0.9257    0.6332   0.02562   0.01206  0.004093
    96/199    0.845G   0.02463   0.01455   0.00147   0.04065        20       640    0.9341    0.8805    0.9222    0.6362   0.02546   0.01185  0.003846
    97/199    0.845G   0.02397   0.01463   0.00199   0.04059        14       640    0.9581    0.8755    0.9254    0.6348   0.02544   0.01183  0.003714
    98/199    0.845G   0.02376   0.01437  0.001384   0.03952        12       640    0.9428    0.8758    0.9241    0.6308   0.02557   0.01193  0.003978
    99/199    0.845G   0.02419   0.01456  0.001497   0.04024        28       640     0.958    0.8607    0.9266     0.637   0.02559   0.01184  0.003639
   100/199    0.845G    0.0238   0.01425  0.001516   0.03957        17       640    0.9651    0.8674    0.9292    0.6321   0.02545   0.01184  0.003709
   101/199    0.845G   0.02364   0.01441   0.00174   0.03979         8       640    0.9451    0.8846     0.929    0.6318   0.02517   0.01177  0.003776
   102/199    0.845G    0.0239   0.01396  0.001768   0.03963        13       640    0.9476    0.8589    0.9259    0.6406    0.0255   0.01202  0.003705
   103/199    0.845G   0.02425   0.01472   0.00138   0.04035        24       640    0.9507    0.8698    0.9251    0.6326   0.02509   0.01182  0.003602
   104/199    0.845G   0.02354   0.01449   0.00159   0.03962        17       640    0.9487    0.8759    0.9285    0.6405    0.0252   0.01198  0.003802
   105/199    0.845G   0.02368   0.01505  0.001321   0.04005        15       640    0.9519     0.877    0.9261     0.631   0.02532    0.0119  0.003694
   106/199    0.845G   0.02358   0.01464  0.001671   0.03989        14       640    0.9361    0.8886    0.9281    0.6372   0.02536   0.01169  0.003645
   107/199    0.845G    0.0232   0.01448  0.001567   0.03924         7       640    0.9537    0.8826    0.9289    0.6413   0.02517   0.01198  0.003289
   108/199    0.845G   0.02287   0.01411  0.001685   0.03867        10       640    0.9547    0.8845    0.9279     0.639   0.02525   0.01192  0.003123
   109/199    0.845G   0.02338   0.01474  0.001917   0.04004        24       640    0.9554    0.8682     0.929    0.6358   0.02517   0.01182  0.003276
   110/199    0.845G   0.02323   0.01508  0.001536   0.03985        15       640    0.9467     0.881    0.9232    0.6368   0.02551   0.01184  0.003802
   111/199    0.845G   0.02311    0.0146  0.001158   0.03887        10       640    0.9394    0.8882    0.9242    0.6372   0.02528   0.01174  0.003984
   112/199    0.845G   0.02283   0.01463  0.001413   0.03887        10       640    0.9575    0.8698    0.9215    0.6358   0.02512   0.01168  0.004176
   113/199    0.845G   0.02305   0.01471  0.001346    0.0391         8       640    0.9395    0.8781    0.9184    0.6301   0.02529   0.01191  0.004059
   114/199    0.845G   0.02304   0.01435  0.001628   0.03901        16       640    0.9502    0.8782    0.9274    0.6404   0.02521   0.01177  0.003984
   115/199    0.845G   0.02338   0.01457  0.001508   0.03947        12       640    0.9324    0.8664    0.9227    0.6381   0.02489   0.01189  0.004182
   116/199    0.845G   0.02215   0.01391  0.001475   0.03754        29       640    0.9666     0.877    0.9245    0.6339    0.0251   0.01185  0.003537
   117/199    0.845G   0.02257   0.01339  0.001274   0.03724        18       640    0.9651    0.8722    0.9281    0.6419   0.02497   0.01197  0.003294
   118/199    0.845G   0.02268    0.0142  0.001491   0.03836        13       640    0.9542    0.8772    0.9259    0.6436   0.02502   0.01195  0.003511
   119/199    0.845G   0.02239   0.01389  0.001197   0.03748        30       640    0.9549    0.8819    0.9282    0.6401   0.02499   0.01201  0.003894
   120/199    0.845G   0.02223   0.01393  0.001441   0.03761         7       640    0.9577    0.8769    0.9296    0.6428   0.02519   0.01196  0.003845
   121/199    0.845G   0.02255    0.0138  0.001203   0.03755        17       640    0.9598    0.8762    0.9285    0.6435   0.02483   0.01176  0.003474
   122/199    0.845G   0.02246   0.01374  0.001515   0.03771        27       640    0.9561    0.8834    0.9288    0.6432   0.02504   0.01206  0.003094
   123/199    0.845G   0.02241   0.01424  0.001278   0.03792        20       640    0.9363    0.9032    0.9345    0.6443   0.02498   0.01183  0.002618
   124/199    0.845G   0.02232   0.01396  0.001237   0.03751        36       640    0.9648    0.8708    0.9362    0.6476   0.02507   0.01174  0.002473
   125/199    0.845G   0.02223   0.01408  0.001307   0.03762        17       640    0.9575    0.8741    0.9303    0.6467   0.02478   0.01176  0.003223
   126/199    0.845G   0.02182   0.01348  0.001328   0.03663        17       640    0.9664    0.8745    0.9313    0.6453   0.02503     0.012  0.002158
   127/199    0.845G   0.02133   0.01332  0.001009   0.03566        40       640    0.9567    0.8949    0.9334    0.6469    0.0251   0.01177  0.002096
   128/199    0.845G   0.02158   0.01313  0.001004   0.03572        12       640    0.9643    0.8744     0.927    0.6451   0.02496   0.01195  0.003024
   129/199    0.845G   0.02153   0.01387  0.001144   0.03655        14       640    0.9509    0.8911    0.9341    0.6475   0.02526   0.01187  0.002948
   130/199    0.845G   0.02153   0.01355  0.001537   0.03662         9       640    0.9682    0.8643    0.9327    0.6473   0.02515   0.01182  0.003301
   131/199    0.845G   0.02115   0.01264  0.001089   0.03488         9       640     0.952    0.8746    0.9287     0.639   0.02535   0.01206  0.004001
   132/199    0.845G   0.02135   0.01355  0.001319   0.03622         9       640    0.9391    0.8922    0.9327    0.6456   0.02499   0.01189  0.003563
   133/199    0.845G   0.02147   0.01347  0.001161    0.0361        12       640    0.9582    0.8825    0.9353    0.6475   0.02501   0.01199  0.003339
   134/199    0.845G   0.02215   0.01416  0.001284    0.0376        15       640    0.9344    0.8966    0.9338    0.6511   0.02483   0.01179  0.003303
   135/199    0.845G   0.02207   0.01444 0.0009046   0.03741        14       640     0.953    0.8818    0.9322    0.6455   0.02514   0.01177   0.00312
   136/199    0.845G   0.02111   0.01348  0.001225   0.03582         6       640    0.9579    0.8811    0.9334    0.6479   0.02504   0.01172  0.003084
   137/199    0.845G   0.02108   0.01335  0.001036   0.03546        20       640    0.9637    0.8779    0.9341     0.646   0.02535   0.01191  0.002922
   138/199    0.845G   0.02145   0.01313  0.001151   0.03573        16       640    0.9554    0.8856    0.9335    0.6499   0.02506    0.0118  0.002895
   139/199    0.845G   0.02106   0.01324 0.0009967   0.03529         7       640     0.958    0.8824    0.9359    0.6474   0.02494    0.0119  0.002616
   140/199    0.845G   0.02113   0.01324   0.00121   0.03558        41       640    0.9598    0.8779    0.9336    0.6489   0.02514   0.01193  0.002996
   141/199    0.845G   0.02102   0.01304   0.00145   0.03551        42       640    0.9476    0.8751     0.935    0.6491   0.02496   0.01188  0.003108
   142/199    0.845G   0.02155   0.01319  0.001191   0.03593         9       640    0.9588     0.869    0.9313    0.6427   0.02541   0.01209  0.003134
   143/199    0.845G    0.0211    0.0134  0.001199    0.0357        22       640    0.9541    0.8718     0.933    0.6425   0.02528   0.01206  0.003328
   144/199    0.845G   0.02066   0.01302  0.001019    0.0347         8       640     0.954    0.8764    0.9326    0.6488   0.02504   0.01197  0.003061
   145/199    0.845G   0.02068   0.01303  0.001104   0.03482        14       640    0.9324    0.8998    0.9354    0.6489   0.02496   0.01197  0.002755
   146/199    0.845G   0.02037   0.01296  0.001055   0.03439        17       640    0.9614    0.8728    0.9311    0.6467   0.02497     0.012  0.003157
   147/199    0.845G   0.02065   0.01295  0.001274   0.03487        19       640    0.9513    0.8772    0.9287    0.6427   0.02512   0.01201  0.003226
   148/199    0.845G   0.02025   0.01257  0.001026   0.03384        14       640    0.9314    0.8862    0.9262    0.6436   0.02519   0.01219  0.003357
   149/199    0.845G   0.02066    0.0132  0.001117   0.03497        14       640    0.9516    0.8687    0.9239    0.6411   0.02485    0.0122  0.003815
   150/199    0.845G   0.02022   0.01278  0.001014   0.03402         7       640    0.9378    0.8707    0.9214    0.6457    0.0249   0.01215  0.004129
   151/199    0.845G   0.02044    0.0124  0.001095   0.03394        14       640    0.9469    0.8799    0.9272    0.6431   0.02498   0.01215  0.004124
   152/199    0.845G   0.01993   0.01279 0.0009547   0.03368        10       640    0.9534    0.8794    0.9292    0.6456   0.02482   0.01213  0.004117
   153/199    0.845G   0.01997   0.01246  0.001062    0.0335        14       640    0.9386    0.8773    0.9306    0.6473   0.02476   0.01212  0.004392
   154/199    0.845G    0.0203   0.01287  0.001002   0.03418        16       640    0.9231    0.8945    0.9249    0.6434   0.02506   0.01218  0.004256
   155/199    0.845G   0.02063   0.01291 0.0008089   0.03435         9       640    0.9462    0.8861    0.9256    0.6456   0.02496   0.01205  0.004409
   156/199    0.845G   0.01954   0.01207  0.001045   0.03265        17       640    0.9316    0.8854    0.9284     0.644   0.02501   0.01211  0.004626
   157/199    0.845G   0.02022   0.01292 0.0008696   0.03401         9       640    0.9396    0.8854    0.9329    0.6443   0.02485    0.0121  0.003784
   158/199    0.845G   0.01971   0.01268  0.001034   0.03343        15       640    0.9432    0.8892    0.9338    0.6466   0.02477   0.01206  0.003844
   159/199    0.845G   0.01999   0.01245  0.001167   0.03361        17       640    0.9575    0.8709    0.9289    0.6425   0.02459   0.01204  0.003914
   160/199    0.845G    0.0197   0.01236  0.001093   0.03316        24       640    0.9514    0.8796    0.9274    0.6473   0.02476   0.01207  0.004205
   161/199    0.845G   0.01979   0.01197  0.001046   0.03281        15       640    0.9483    0.8755    0.9312    0.6433   0.02497   0.01227  0.004363
   162/199    0.845G   0.01989   0.01269  0.001126   0.03371        17       640    0.9414     0.882    0.9309    0.6472   0.02462   0.01223  0.004255
   163/199    0.845G    0.0196   0.01238 0.0008024   0.03279        45       640    0.9444    0.8873    0.9346    0.6473   0.02481   0.01211   0.00393
   164/199    0.845G   0.01997   0.01278  0.001078   0.03382        12       640    0.9406    0.8859    0.9325    0.6454   0.02507   0.01214  0.003846
   165/199    0.845G   0.01931    0.0122 0.0006865   0.03219         7       640    0.9433    0.8785    0.9274    0.6448   0.02495   0.01221  0.004482
   166/199    0.845G   0.01988   0.01281  0.001061   0.03375        14       640    0.9258    0.8946    0.9295     0.647   0.02474   0.01214  0.003871
   167/199    0.845G   0.01941   0.01228 0.0008171   0.03251        10       640    0.9297    0.8854    0.9277    0.6453   0.02499   0.01228  0.004036
   168/199    0.845G   0.01989   0.01235  0.001209   0.03345        12       640    0.9478    0.8669    0.9299    0.6475   0.02496   0.01221  0.003748
   169/199    0.845G   0.01973   0.01225 0.0008277    0.0328         9       640    0.9399    0.8777    0.9277    0.6433   0.02492   0.01219  0.004162
   170/199    0.845G   0.01943   0.01226 0.0009246   0.03261        16       640    0.9386    0.8846    0.9285    0.6461   0.02499   0.01228  0.004317
   171/199    0.845G   0.01994   0.01285  0.001138   0.03392         7       640    0.9382    0.8778    0.9291    0.6412   0.02508   0.01232  0.004367
   172/199    0.845G   0.01961   0.01234 0.0008027   0.03276        12       640    0.9133    0.9042    0.9322    0.6428   0.02501   0.01215   0.00434
   173/199    0.845G   0.01935   0.01255  0.001027   0.03293        10       640    0.9407    0.8846    0.9331    0.6439   0.02501   0.01214  0.004229
   174/199    0.845G   0.01934   0.01223 0.0009064   0.03248         9       640    0.9331    0.8854    0.9315    0.6456   0.02482   0.01218   0.00404
   175/199    0.845G    0.0196   0.01284  0.000843   0.03328        19       640     0.943    0.8852    0.9334    0.6475   0.02491   0.01239  0.003872
   176/199    0.845G   0.01879   0.01208 0.0006466   0.03152        18       640    0.9367     0.897    0.9365    0.6498   0.02491    0.0123  0.003708
   177/199    0.845G   0.01861   0.01201 0.0009819    0.0316        13       640    0.9368    0.8967    0.9327    0.6461   0.02492   0.01225  0.004128
   178/199    0.845G   0.01951   0.01257 0.0009882   0.03308         4       640    0.9467    0.8858    0.9337    0.6465   0.02492   0.01232  0.003963
   179/199    0.845G   0.01903   0.01213 0.0007432    0.0319        23       640    0.9239    0.9046     0.933    0.6484   0.02485   0.01223  0.003871
   180/199    0.845G   0.01866   0.01199  0.000873   0.03153        25       640    0.9513    0.8801    0.9314    0.6486   0.02491   0.01233  0.003834
   181/199    0.845G   0.01913   0.01193  0.001026   0.03209        34       640      0.96    0.8733    0.9327    0.6466   0.02493   0.01262  0.004033
   182/199    0.845G   0.01878   0.01226 0.0009572     0.032        18       640    0.9569    0.8769    0.9306    0.6486   0.02493   0.01235   0.00447
   183/199    0.845G   0.01907    0.0118 0.0007978   0.03167        12       640    0.9425    0.8885    0.9295    0.6527   0.02469   0.01232  0.004197
   184/199    0.845G   0.01915   0.01203 0.0007579   0.03194        12       640    0.9518    0.8788      0.93    0.6505   0.02488   0.01239  0.003905
   185/199    0.845G   0.01882   0.01228 0.0008882   0.03199        28       640    0.9466    0.8906    0.9316    0.6453   0.02486   0.01242  0.003734
   186/199    0.845G    0.0187   0.01176 0.0008775   0.03134        16       640    0.9479    0.8878    0.9332    0.6459   0.02477   0.01243  0.003928
   187/199    0.845G   0.01929   0.01238 0.0008425   0.03251        23       640    0.9548     0.885    0.9363    0.6472   0.02482   0.01228  0.004012
   188/199    0.845G   0.01911   0.01183 0.0008079   0.03175        11       640    0.9507    0.8869    0.9336    0.6479   0.02474   0.01224  0.003983
   189/199    0.845G   0.01894   0.01187 0.0009753   0.03178        12       640    0.9372    0.8988    0.9357    0.6515   0.02468   0.01226  0.003837
   190/199    0.845G   0.01865   0.01239  0.000952   0.03199        25       640    0.9454    0.8876    0.9334    0.6472   0.02496   0.01231  0.004015
   191/199    0.845G   0.01872   0.01195 0.0008591   0.03153        26       640    0.9428    0.8893    0.9349    0.6457   0.02494   0.01233  0.003976
   192/199    0.845G   0.01852   0.01171   0.00087   0.03111        10       640    0.9606    0.8741    0.9329    0.6465   0.02471   0.01247  0.003857
   193/199    0.845G   0.01878   0.01181   0.00078   0.03138        24       640    0.9524    0.8833    0.9335    0.6476   0.02468   0.01244   0.00413
   194/199    0.845G   0.01897   0.01191 0.0008167    0.0317         6       640    0.9524    0.8844    0.9312    0.6447   0.02477   0.01243  0.004386
   195/199    0.845G   0.01881   0.01232 0.0006013   0.03174        17       640     0.953    0.8743    0.9338    0.6486   0.02485   0.01243  0.004293
   196/199    0.845G   0.01858   0.01178  0.000824   0.03118        14       640     0.951     0.886    0.9369    0.6498   0.02477   0.01249  0.004311
   197/199    0.845G   0.01815   0.01186 0.0007392   0.03075        16       640     0.958    0.8778    0.9329    0.6487   0.02474   0.01256  0.004278
   198/199    0.845G   0.01819   0.01168 0.0007876   0.03066        10       640    0.9501    0.8858    0.9347    0.6512   0.02475   0.01262  0.004102
   199/199    0.845G   0.01831   0.01151 0.0008895   0.03071        12       640    0.9388    0.8965    0.9351    0.6436   0.02481   0.01243  0.003809
