     0/199    0.824G   0.09367   0.03717   0.02612     0.157        65       640     0.172     0.272    0.1066   0.02234   0.06445   0.02781    0.0227
     1/199    0.843G   0.07044   0.03128   0.01904    0.1208        23       640    0.4243    0.4623    0.3717    0.1179   0.05578   0.02169   0.01808
     2/199    0.845G   0.06695   0.02908   0.01469    0.1107         8       640    0.5207    0.5496     0.524    0.2176   0.04879   0.01913   0.01229
     3/199    0.845G   0.05782   0.02499   0.01034   0.09315        18       640    0.6589    0.6394     0.607    0.2088   0.05337   0.01624  0.007468
     4/199    0.845G   0.05082   0.02487  0.008424   0.08411        49       640    0.7227    0.7559    0.7596     0.383   0.03932   0.01574  0.008038
     5/199    0.845G   0.04636   0.02393  0.007152   0.07744        12       640    0.8492    0.7836    0.8349    0.4763   0.03592   0.01546  0.006201
     6/199    0.845G   0.04421   0.02273  0.007253   0.07419        23       640    0.8965    0.7584    0.8474    0.4956   0.03355   0.01437  0.005699
     7/199    0.845G    0.0422   0.02206  0.006336    0.0706        10       640    0.9377    0.7718    0.8615    0.4959   0.03333   0.01453  0.006164
     8/199    0.845G   0.04024    0.0225  0.006321   0.06906        19       640    0.8826    0.7879    0.8576    0.5179   0.03286   0.01447  0.005437
     9/199    0.845G   0.04052   0.02233  0.006064   0.06891        14       640    0.8865    0.7788    0.8509    0.5271   0.03199   0.01444  0.006421
    10/199    0.845G    0.0386   0.02172  0.005464   0.06578        31       640    0.9047    0.8197    0.8809    0.5176    0.0312   0.01373  0.004742
    11/199    0.845G   0.03855   0.02092  0.005367   0.06484        27       640    0.8881    0.8247     0.877    0.5312   0.03132   0.01358  0.005093
    12/199    0.845G   0.03676   0.02112  0.005153   0.06303        12       640    0.8951    0.8252     0.889    0.5649   0.03077    0.0133  0.004368
    13/199    0.845G    0.0355    0.0203  0.005356   0.06116        14       640     0.935    0.7928    0.8952    0.5644    0.0303   0.01308  0.004704
    14/199    0.845G   0.03733   0.02108  0.005332   0.06374        13       640    0.8849    0.7995    0.8537    0.5336   0.03097    0.0141  0.005693
    15/199    0.845G    0.0355   0.02064  0.004746   0.06089        20       640    0.9117     0.807    0.8869     0.554   0.03051   0.01326  0.004451
    16/199    0.845G   0.03542   0.01976  0.004776   0.05996        16       640    0.9181    0.8364    0.9005    0.5697   0.03024   0.01307  0.003563
    17/199    0.845G   0.03541    0.0203  0.004709   0.06042        13       640    0.9249    0.8117     0.896    0.5579   0.02978   0.01309  0.004439
    18/199    0.845G    0.0353   0.01989  0.004371   0.05955        24       640    0.9222     0.844    0.8994    0.5623   0.02941   0.01308  0.004355
    19/199    0.845G   0.03473   0.01949  0.004323   0.05855        17       640    0.9151     0.843    0.8958    0.5705   0.02864   0.01297  0.004945
    20/199    0.845G   0.03457   0.01942   0.00396   0.05795         9       640    0.9305    0.8344    0.9046    0.5829   0.02846   0.01286  0.003522
    21/199    0.845G   0.03383   0.01884  0.004788   0.05745        18       640    0.9154    0.7879    0.8767     0.556   0.02972   0.01355  0.005474
    22/199    0.845G   0.03367    0.0193  0.004011   0.05698         8       640    0.9496     0.838     0.901    0.5827   0.02851    0.0129  0.004306
    23/199    0.845G   0.03319   0.01874   0.00401   0.05594         7       640    0.9235    0.8309    0.8935    0.5874   0.02833   0.01302  0.004448
    24/199    0.845G   0.03296     0.019  0.003718   0.05568        18       640    0.9298    0.8464    0.8979    0.5859   0.02808   0.01276  0.004016
    25/199    0.845G   0.03225   0.01857  0.003553   0.05438        16       640    0.9176    0.8493    0.9041    0.5868   0.02807   0.01262   0.00414
    26/199    0.845G   0.03323   0.01898  0.003715   0.05592        15       640    0.9366    0.8427    0.9075    0.5973   0.02793   0.01261  0.004231
    27/199    0.845G    0.0327   0.01904  0.003269   0.05501        46       640    0.9264     0.845    0.9126    0.5828   0.02774   0.01228  0.004859
    28/199    0.845G   0.03176   0.01802  0.003328    0.0531         9       640    0.9254    0.8299    0.9047    0.5884     0.028   0.01275  0.004406
    29/199    0.845G    0.0324   0.01901  0.003773   0.05518        10       640    0.9428    0.8315    0.9005    0.5811   0.02846   0.01265    0.0048
    30/199    0.845G   0.03164   0.01799  0.003153   0.05278         7       640    0.9319    0.8309    0.9017    0.5932   0.02743   0.01259  0.004867
    31/199    0.845G   0.03174   0.01836  0.003184   0.05328        20       640    0.9518    0.8584    0.9205    0.5908   0.02771    0.0123  0.003736
    32/199    0.845G   0.03143   0.01823  0.003038    0.0527        35       640    0.9213    0.8542    0.9044    0.6006   0.02747   0.01248  0.003899
    33/199    0.845G    0.0311   0.01817  0.003258   0.05253        12       640    0.9341    0.8425    0.9109    0.5929   0.02726    0.0126   0.00426
    34/199    0.845G   0.03097   0.01828  0.002954   0.05221        21       640    0.9203    0.8751     0.918       0.6   0.02712   0.01224   0.00338
    35/199    0.845G    0.0311   0.01762  0.002758   0.05148        15       640     0.938    0.8773    0.9253    0.6056   0.02693    0.0121  0.003448
    36/199    0.845G   0.03067   0.01767    0.0032   0.05154         9       640    0.8963    0.8615    0.9137    0.5971   0.02725   0.01233  0.004318
    37/199    0.845G   0.03044   0.01771  0.002572   0.05073        12       640    0.9234    0.8669    0.9151    0.6022   0.02673   0.01233  0.004051
    38/199    0.845G   0.03111   0.01799  0.003046   0.05214        18       640    0.9211    0.8561    0.9056    0.5942   0.02694   0.01249  0.004436
    39/199    0.845G   0.03005   0.01733  0.002671   0.05006        15       640    0.9487    0.8527    0.9125    0.5979   0.02763   0.01244  0.004146
    40/199    0.845G   0.02973   0.01789  0.002972   0.05059        31       640    0.9443    0.8483    0.9069    0.6009   0.02677   0.01238  0.004688
    41/199    0.845G   0.02956   0.01724  0.003454   0.05025         9       640    0.9461    0.8397    0.9139    0.6044   0.02654   0.01259  0.003724
    42/199    0.845G   0.02937   0.01682  0.002681   0.04887         8       640    0.9515    0.8331    0.9152    0.6083   0.02637   0.01218  0.003808
    43/199    0.845G   0.03007     0.017   0.00287   0.04993        15       640    0.9284    0.8423    0.9051     0.607   0.02714   0.01227  0.004517
    44/199    0.845G   0.02883   0.01759  0.002945   0.04936        12       640    0.9386    0.8631    0.9214    0.6072   0.02725   0.01228  0.003176
    45/199    0.845G   0.02932     0.018  0.002522   0.04985        10       640    0.8994    0.8684    0.9122    0.6128   0.02658    0.0121  0.004224
    46/199    0.845G   0.02901   0.01714  0.003491   0.04965        17       640    0.8927    0.8777    0.9147    0.6142   0.02621   0.01209  0.004252
    47/199    0.845G     0.029    0.0172  0.002887   0.04909        19       640    0.9103    0.8686    0.9093    0.6102   0.02685   0.01246  0.003959
    48/199    0.845G   0.02932   0.01744  0.002531    0.0493        11       640    0.9451    0.8559    0.9142    0.6212   0.02623   0.01204  0.004124
    49/199    0.845G   0.02896   0.01721  0.003035    0.0492        19       640    0.9537    0.8564    0.9236    0.6157   0.02679   0.01212  0.003886
    50/199    0.845G   0.02942   0.01736  0.002488   0.04927        15       640    0.9421    0.8583    0.9226    0.6153   0.02642   0.01217  0.003584
    51/199    0.845G   0.02869   0.01727  0.002781   0.04874        13       640     0.941    0.8712     0.922    0.6184   0.02599   0.01191  0.003663
    52/199    0.845G   0.02817   0.01619  0.002424   0.04679         9       640    0.9419    0.8716    0.9158    0.6115   0.02656   0.01212  0.004149
    53/199    0.845G   0.02868   0.01695   0.00259   0.04822        22       640    0.9399    0.8567    0.9148     0.613   0.02608   0.01209  0.004114
    54/199    0.845G    0.0279   0.01625  0.002517   0.04666        13       640    0.9272    0.8892    0.9196    0.6193   0.02662    0.0118  0.003938
    55/199    0.845G   0.02809   0.01699  0.002446   0.04754        13       640    0.9358    0.8654    0.9245    0.6184   0.02597   0.01197  0.003563
    56/199    0.845G   0.02778    0.0163  0.002033   0.04611        16       640    0.9532    0.8591    0.9266    0.6166    0.0259   0.01221   0.00348
    57/199    0.845G   0.02854   0.01678  0.001857   0.04717        10       640    0.9309    0.8641    0.9146    0.6116    0.0265   0.01205  0.004212
    58/199    0.845G   0.02778   0.01653  0.002017   0.04633        10       640    0.9399    0.8491    0.9145    0.6158   0.02597   0.01208  0.003922
    59/199    0.845G   0.02768   0.01623  0.002686    0.0466        10       640    0.9557    0.8697    0.9224    0.6206   0.02648   0.01166  0.004407
    60/199    0.845G   0.02778   0.01607  0.002228   0.04608        23       640    0.9452     0.863    0.9264    0.6187   0.02675   0.01188  0.003919
    61/199    0.845G   0.02818   0.01682  0.002352   0.04736        16       640    0.9219    0.8801     0.925    0.6234   0.02629   0.01186  0.003968
    62/199    0.845G    0.0272   0.01629  0.002552   0.04605        23       640    0.9443    0.8543    0.9173    0.6145   0.02665   0.01203  0.004289
    63/199    0.845G   0.02744   0.01586  0.002255   0.04555         7       640    0.9592    0.8464    0.9196    0.6155   0.02633   0.01232   0.00394
    64/199    0.845G   0.02724   0.01607  0.001971   0.04528        11       640    0.9435    0.8587    0.9221    0.6197   0.02589   0.01184   0.00407
    65/199    0.845G   0.02762   0.01587  0.002152   0.04564        13       640    0.9536    0.8515    0.9197    0.6219   0.02618   0.01187  0.004173
    66/199    0.845G   0.02692   0.01615  0.001769   0.04483        12       640    0.9478    0.8563    0.9209    0.6269    0.0255   0.01188  0.004001
    67/199    0.845G   0.02639    0.0156  0.001867   0.04386        12       640     0.931    0.8775    0.9235    0.6255   0.02575   0.01188  0.003704
    68/199    0.845G   0.02728   0.01646  0.002158    0.0459         8       640    0.9631    0.8439    0.9209     0.624   0.02597   0.01211  0.003923
    69/199    0.845G   0.02677   0.01558  0.002034   0.04438         8       640    0.9409    0.8624    0.9208     0.619   0.02607   0.01213  0.003523
    70/199    0.845G   0.02662   0.01565  0.002532    0.0448        24       640    0.9638    0.8514    0.9167     0.622    0.0259   0.01194  0.003845
    71/199    0.845G   0.02663   0.01636  0.002278   0.04528        11       640    0.9285    0.8739    0.9169     0.615    0.0263   0.01222   0.00362
    72/199    0.845G    0.0265   0.01596  0.001818   0.04428        13       640     0.959     0.862    0.9209     0.619   0.02616   0.01209  0.003975
    73/199    0.845G   0.02672   0.01633  0.002016   0.04506        21       640     0.945    0.8582    0.9168    0.6245   0.02622   0.01211  0.003571
    74/199    0.845G   0.02598   0.01568   0.00209   0.04376        17       640    0.9602    0.8516    0.9263    0.6259   0.02609   0.01229  0.003233
    75/199    0.845G   0.02674   0.01602  0.002131   0.04489        12       640    0.9513     0.865    0.9219    0.6269   0.02587   0.01212  0.003418
    76/199    0.845G   0.02566   0.01549  0.001727   0.04288        21       640    0.9288    0.8804    0.9233      0.62   0.02579   0.01227   0.00359
    77/199    0.845G   0.02575   0.01545  0.001724   0.04293        10       640    0.9616    0.8564    0.9261     0.631   0.02568   0.01198  0.004161
    78/199    0.845G   0.02595   0.01574  0.001744   0.04344        13       640     0.946    0.8571    0.9196    0.6266   0.02583   0.01195   0.00416
    79/199    0.845G     0.026   0.01568  0.001636   0.04332        15       640    0.9186    0.8735    0.9227    0.6282   0.02596   0.01195  0.004172
    80/199    0.845G   0.02555   0.01561  0.001866   0.04302        18       640    0.9454    0.8566      0.92    0.6231   0.02559   0.01216  0.004222
    81/199    0.845G   0.02501   0.01529    0.0017     0.042        15       640    0.9259    0.8733    0.9275    0.6296    0.0256   0.01194  0.003612
    82/199    0.845G   0.02531   0.01513  0.001747   0.04219        13       640    0.9554    0.8715    0.9207    0.6281   0.02571   0.01212    0.0041
    83/199    0.845G   0.02546   0.01568  0.001929   0.04306        16       640    0.9566    0.8457    0.9112    0.6241   0.02603   0.01213  0.004538
    84/199    0.845G   0.02515   0.01523   0.00173   0.04211        13       640     0.952    0.8636    0.9228    0.6307   0.02592   0.01214  0.004133
    85/199    0.845G   0.02526    0.0152  0.001821   0.04227        17       640    0.9638    0.8549    0.9194    0.6241    0.0258   0.01193  0.003925
    86/199    0.845G   0.02537   0.01519  0.002028   0.04259         8       640    0.9301    0.8737    0.9184    0.6265   0.02572   0.01207  0.003994
    87/199    0.845G   0.02516   0.01538  0.002012   0.04256        24       640     0.927    0.8794     0.918    0.6268   0.02544   0.01188  0.003843
    88/199    0.845G   0.02498    0.0152  0.001806   0.04199        11       640    0.9507    0.8694    0.9198    0.6229   0.02619   0.01205  0.003819
    89/199    0.845G     0.025   0.01491  0.001614   0.04152        13       640     0.965    0.8562    0.9287    0.6355   0.02525   0.01178  0.003578
    90/199    0.845G    0.0246   0.01525  0.001937   0.04178        22       640    0.9467     0.873    0.9224    0.6387   0.02539   0.01188  0.003365
    91/199    0.845G   0.02461   0.01456  0.001985   0.04115        18       640    0.9428    0.8796    0.9246    0.6388    0.0253    0.0123  0.003457
    92/199    0.845G   0.02457   0.01477  0.001624   0.04096        17       640    0.9574    0.8688    0.9172    0.6313   0.02543   0.01191  0.003768
    93/199    0.845G   0.02474   0.01533  0.001567   0.04164        21       640    0.9349    0.8819    0.9173    0.6296   0.02574   0.01198  0.004029
    94/199    0.845G   0.02467    0.0147  0.001399   0.04077         8       640    0.9473    0.8773    0.9271     0.637   0.02561   0.01186  0.003379
    95/199    0.845G   0.02469    0.0149  0.001917    0.0415        21       640     0.946     0.868    0.9181    0.6323    0.0258   0.01212  0.003674
    96/199    0.845G   0.02453   0.01468  0.001538   0.04075        20       640    0.9455    0.8787    0.9235    0.6422   0.02518   0.01182  0.003644
    97/199    0.845G   0.02427   0.01467  0.001776   0.04071        14       640    0.9482    0.8788    0.9256    0.6375   0.02553   0.01197  0.003353
    98/199    0.845G   0.02389   0.01429  0.001483   0.03966        12       640    0.9501    0.8729    0.9204    0.6321   0.02535   0.01206  0.003919
    99/199    0.845G   0.02432   0.01451  0.001451   0.04028        28       640    0.9454    0.8686    0.9243     0.637   0.02537   0.01203  0.003801
   100/199    0.845G     0.024   0.01429  0.001552   0.03984        17       640    0.9612    0.8686    0.9186    0.6284   0.02597   0.01228  0.004027
   101/199    0.845G   0.02375    0.0145  0.001597   0.03985         8       640     0.959    0.8734    0.9252    0.6385   0.02525   0.01198  0.003266
   102/199    0.845G   0.02392   0.01412  0.001596   0.03963        13       640    0.9591    0.8709     0.934    0.6373    0.0254   0.01223  0.003283
   103/199    0.845G   0.02445   0.01466  0.001346   0.04046        24       640    0.9527    0.8643    0.9303    0.6397   0.02532   0.01204  0.003514
   104/199    0.845G   0.02363   0.01455  0.001641   0.03982        17       640    0.9328    0.8822    0.9292    0.6398   0.02549   0.01201  0.003459
   105/199    0.845G   0.02362   0.01496  0.001385   0.03997        15       640    0.9447    0.8968    0.9358    0.6379   0.02558   0.01192  0.003073
   106/199    0.845G   0.02329   0.01471  0.001549   0.03955        14       640     0.933    0.8841    0.9329    0.6405   0.02531   0.01202  0.003093
   107/199    0.845G   0.02341   0.01449  0.001683   0.03958         7       640    0.9468    0.8709    0.9216    0.6381   0.02541   0.01223  0.003709
   108/199    0.845G    0.0227   0.01403  0.001565    0.0383        10       640      0.93    0.8876    0.9258    0.6421   0.02525   0.01216  0.003491
   109/199    0.845G   0.02334   0.01462  0.001852   0.03981        24       640    0.9434    0.8745    0.9226    0.6325    0.0258    0.0121  0.003434
   110/199    0.845G   0.02341   0.01496  0.001279   0.03965        15       640    0.9462    0.8732    0.9232    0.6354   0.02552   0.01223  0.003786
   111/199    0.845G   0.02313   0.01461  0.001243   0.03899        10       640    0.9572     0.871     0.927     0.636    0.0255   0.01198  0.003391
   112/199    0.845G   0.02296   0.01482  0.001561   0.03934        10       640    0.9488    0.8788    0.9273    0.6375    0.0253   0.01209  0.002844
   113/199    0.845G   0.02289   0.01471   0.00123   0.03883         8       640    0.9544    0.8718    0.9267      0.64   0.02522    0.0121  0.003327
   114/199    0.845G   0.02298   0.01421  0.001554   0.03874        16       640    0.9524    0.8912    0.9271     0.644   0.02519   0.01198  0.003039
   115/199    0.845G     0.023   0.01448  0.001534   0.03902        12       640     0.948    0.8781    0.9268    0.6329   0.02536   0.01214  0.003674
   116/199    0.845G   0.02208   0.01397  0.001547   0.03761        29       640    0.9476    0.8813    0.9297    0.6385   0.02548   0.01236  0.003088
   117/199    0.845G   0.02255   0.01344  0.001225   0.03721        18       640    0.9564    0.8673    0.9243    0.6367   0.02549   0.01243  0.003005
   118/199    0.847G   0.02279   0.01427  0.001508   0.03856        13       640    0.9408    0.8851    0.9215    0.6394   0.02544    0.0123  0.003263
   119/199    0.847G   0.02233   0.01399  0.001188    0.0375        30       640    0.9524    0.8694    0.9232    0.6388    0.0252   0.01222  0.003607
   120/199    0.847G   0.02224   0.01392  0.001438    0.0376         7       640    0.9455    0.8739    0.9245     0.642   0.02529   0.01211  0.003951
   121/199    0.847G   0.02242   0.01374  0.001215   0.03737        17       640    0.9451    0.8849    0.9291    0.6418   0.02537     0.012  0.003206
   122/199    0.847G   0.02259    0.0138  0.001473   0.03787        27       640    0.9465    0.8843    0.9272    0.6447   0.02518   0.01226  0.003048
   123/199    0.847G   0.02254   0.01431  0.001225   0.03808        20       640    0.9506    0.8731    0.9314    0.6436   0.02524   0.01227  0.003088
   124/199    0.847G   0.02219   0.01385  0.001052   0.03709        36       640     0.964    0.8647    0.9279    0.6392   0.02541   0.01224  0.003315
   125/199    0.847G   0.02209   0.01404  0.001142   0.03728        17       640    0.9365    0.8838    0.9276    0.6402   0.02529   0.01204  0.003653
   126/199    0.847G   0.02185   0.01342  0.001223   0.03649        17       640    0.9471    0.8839    0.9284    0.6453   0.02541   0.01232  0.003293
   127/199    0.847G   0.02116   0.01323 0.0009672   0.03536        40       640    0.9396    0.8973    0.9315     0.646   0.02522    0.0121  0.003308
   128/199    0.847G   0.02158    0.0131  0.000913   0.03559        12       640    0.9429     0.893    0.9311    0.6423   0.02537   0.01204  0.003375
   129/199    0.847G    0.0217   0.01385  0.001109   0.03665        14       640    0.9418    0.8978    0.9313    0.6399   0.02541    0.0121  0.003053
   130/199    0.847G    0.0214   0.01347  0.001371   0.03624         9       640    0.9491    0.8909    0.9312    0.6422   0.02544   0.01212  0.003119
   131/199    0.847G   0.02114   0.01265   0.00106   0.03486         9       640    0.9417    0.8865    0.9287    0.6356   0.02562   0.01224  0.004062
   132/199    0.847G   0.02133   0.01352  0.001222   0.03607         9       640    0.9566    0.8704    0.9297    0.6403   0.02549   0.01222  0.003866
   133/199    0.847G   0.02127   0.01347  0.001177   0.03592        12       640    0.9409    0.8891    0.9301    0.6407   0.02546   0.01236  0.003725
   134/199    0.847G   0.02192   0.01393  0.001051   0.03691        15       640    0.9536    0.8876    0.9301    0.6445   0.02536   0.01206  0.003401
   135/199    0.847G   0.02177   0.01427 0.0008499   0.03689        14       640    0.9412    0.9024    0.9346    0.6434   0.02533   0.01206  0.003389
   136/199    0.847G   0.02098   0.01331  0.001052   0.03534         6       640    0.9525     0.883    0.9293     0.637   0.02541   0.01215  0.003791
   137/199    0.847G   0.02101   0.01332   0.00107    0.0354        20       640    0.9375    0.9011    0.9332    0.6387   0.02521   0.01206  0.003493
   138/199    0.847G   0.02123   0.01317  0.001052   0.03545        16       640    0.9436    0.8951    0.9338    0.6414   0.02525   0.01224   0.00302
   139/199    0.847G   0.02091   0.01323 0.0009911   0.03513         7       640    0.9519    0.8886    0.9297    0.6364   0.02536   0.01228  0.003346
   140/199    0.847G   0.02127    0.0132 0.0009833   0.03545        41       640    0.9478    0.8906    0.9305    0.6442   0.02515   0.01213  0.003713
   141/199    0.847G   0.02128   0.01316  0.001367    0.0358        42       640    0.9533     0.878    0.9268    0.6364   0.02528   0.01243  0.003826
   142/199    0.847G   0.02181   0.01336  0.001392   0.03656         9       640    0.9429    0.8884    0.9307    0.6375   0.02552   0.01246  0.003629
   143/199    0.847G   0.02142   0.01353  0.001416   0.03637        22       640    0.9421    0.8893    0.9321     0.633    0.0254    0.0123  0.003574
   144/199    0.847G   0.02108   0.01324  0.001073   0.03539         8       640    0.9458    0.8857    0.9342    0.6388   0.02542   0.01259  0.003277
   145/199    0.847G   0.02076   0.01316  0.001185   0.03511        14       640    0.9341    0.8956    0.9277    0.6406    0.0252   0.01244  0.002797
   146/199    0.847G   0.02044   0.01307  0.001045   0.03455        17       640    0.9524    0.8826     0.933    0.6396   0.02534   0.01249  0.003413
   147/199    0.847G   0.02078     0.013  0.001146   0.03492        19       640    0.9586    0.8665     0.927    0.6413   0.02534   0.01256  0.003758
   148/199    0.847G   0.02028   0.01257  0.001004   0.03386        14       640    0.9261     0.886    0.9274    0.6378    0.0253   0.01257  0.004274
   149/199    0.847G   0.02056   0.01318   0.00114   0.03488        14       640    0.9328    0.8918    0.9288    0.6379   0.02519    0.0124  0.004098
   150/199    0.847G    0.0201   0.01288  0.001084   0.03406         7       640    0.9298    0.8861    0.9303    0.6475   0.02491   0.01242   0.00386
   151/199    0.847G   0.02045   0.01254  0.001173   0.03416        14       640    0.9428    0.8876     0.931      0.64   0.02515   0.01271  0.003585
   152/199    0.847G   0.02006   0.01288    0.0011   0.03404        10       640    0.9586     0.873    0.9303    0.6426   0.02509   0.01252  0.003813
   153/199    0.847G   0.02001    0.0125  0.001184    0.0337        14       640    0.9441    0.8964    0.9326    0.6425   0.02509   0.01255  0.003294
   154/199    0.847G   0.02024   0.01285  0.001075   0.03417        16       640    0.9439    0.8883    0.9321    0.6385   0.02531   0.01246  0.003278
   155/199    0.847G   0.02063   0.01294 0.0008573   0.03443         9       640    0.9451    0.8808    0.9285    0.6376   0.02535   0.01241  0.003914
   156/199    0.847G   0.01969   0.01215  0.001062    0.0329        17       640    0.9427    0.8833    0.9315    0.6453   0.02489   0.01233  0.003753
   157/199    0.847G   0.02016   0.01299 0.0009453   0.03409         9       640    0.9369    0.8941    0.9347    0.6442   0.02489   0.01243  0.003525
   158/199    0.847G   0.01984   0.01272  0.001064   0.03363        15       640    0.9605    0.8822    0.9278    0.6389   0.02539    0.0126  0.003152
   159/199    0.847G   0.01991   0.01248  0.001112   0.03351        17       640    0.9574    0.8795    0.9285     0.641   0.02527   0.01243  0.003356
   160/199    0.847G   0.01986   0.01248  0.001181   0.03352        24       640    0.9527    0.8835    0.9258    0.6353   0.02525   0.01252  0.003736
   161/199    0.847G   0.01993   0.01201  0.001016   0.03296        15       640    0.9401     0.893    0.9276    0.6322    0.0252   0.01246  0.004046
   162/199    0.847G   0.01993   0.01282   0.00105    0.0338        17       640    0.9446    0.8992    0.9268    0.6331   0.02506   0.01267  0.003538
   163/199    0.847G   0.01951   0.01229 0.0008525   0.03266        45       640    0.9509    0.8724    0.9245    0.6396   0.02524   0.01258  0.003683
   164/199    0.847G   0.01994   0.01277 0.0008848   0.03359        12       640    0.9551    0.8745    0.9298    0.6405   0.02518   0.01255  0.003504
   165/199    0.847G    0.0193   0.01227 0.0007354   0.03231         7       640    0.9422     0.893    0.9316    0.6412   0.02509   0.01255  0.003709
   166/199    0.847G   0.01992   0.01282 0.0008813   0.03362        14       640    0.9487    0.8801    0.9287    0.6381   0.02515   0.01262  0.004063
   167/199    0.847G   0.01949   0.01231 0.0009497   0.03275        10       640     0.949     0.872    0.9261    0.6402   0.02508   0.01269  0.004032
   168/199    0.847G   0.01978   0.01242  0.001037   0.03324        12       640    0.9508    0.8794    0.9271    0.6422   0.02515   0.01269  0.003716
   169/199    0.847G   0.01952   0.01224 0.0007537   0.03251         9       640    0.9527    0.8806    0.9275    0.6393   0.02526   0.01271  0.003408
   170/199    0.847G   0.01927   0.01214 0.0009339   0.03235        16       640    0.9608    0.8801    0.9245    0.6382   0.02541   0.01278  0.003544
   171/199    0.847G   0.01979   0.01271  0.001008   0.03351         7       640    0.9522    0.8841    0.9295    0.6376   0.02536   0.01268  0.003743
   172/199    0.847G   0.01966   0.01234 0.0008191   0.03282        12       640    0.9484    0.8901    0.9323    0.6393   0.02541   0.01259  0.003731
   173/199    0.847G   0.01922   0.01258  0.001108   0.03291        10       640    0.9401    0.8902    0.9315    0.6406   0.02529   0.01266  0.003838
   174/199    0.847G   0.01935   0.01232 0.0009057   0.03257         9       640    0.9524    0.8806     0.932    0.6421   0.02533   0.01257  0.003856
   175/199    0.847G   0.01964   0.01272 0.0008828   0.03324        19       640    0.9495    0.8794    0.9283    0.6438   0.02519   0.01273  0.003756
   176/199    0.847G    0.0187   0.01202 0.0007164   0.03144        18       640    0.9388    0.8864    0.9309    0.6425    0.0253   0.01274  0.003818
   177/199    0.847G   0.01889   0.01208  0.001159   0.03212        13       640    0.9516    0.8752    0.9302    0.6417   0.02529   0.01262    0.0038
   178/199    0.847G   0.01939   0.01255 0.0009787   0.03292         4       640    0.9484    0.8802    0.9308     0.639   0.02546    0.0128  0.003316
   179/199    0.847G   0.01894   0.01202 0.0008155   0.03178        23       640    0.9605    0.8739    0.9272    0.6393   0.02541   0.01297  0.003513
   180/199    0.847G   0.01871   0.01202 0.0009079   0.03164        25       640    0.9326    0.9017    0.9312    0.6444   0.02532   0.01279  0.003342
   181/199    0.847G    0.0192   0.01195  0.001058   0.03221        34       640    0.9368    0.8937    0.9311    0.6425   0.02508   0.01273  0.003329
   182/199    0.847G   0.01894   0.01227 0.0009012   0.03211        18       640    0.9687    0.8644    0.9328    0.6447   0.02503   0.01254  0.003456
   183/199    0.847G   0.01905   0.01184 0.0008469   0.03174        12       640    0.9478    0.8776    0.9342    0.6441   0.02516   0.01263  0.003509
   184/199    0.847G     0.019     0.012 0.0007143   0.03172        12       640    0.9392    0.8936    0.9324    0.6455   0.02524   0.01268   0.00369
   185/199    0.847G   0.01889   0.01221 0.0008897   0.03199        28       640    0.9425    0.8921    0.9326    0.6429    0.0253   0.01294  0.003798
   186/199    0.847G   0.01873   0.01177 0.0009639   0.03147        16       640    0.9462    0.8885    0.9326    0.6432   0.02535   0.01285   0.00388
   187/199    0.847G   0.01912   0.01236 0.0008553   0.03234        23       640    0.9481    0.8829    0.9345    0.6465   0.02517   0.01274  0.003961
   188/199    0.847G   0.01913   0.01189 0.0007894    0.0318        11       640    0.9369    0.8935    0.9361    0.6439   0.02522   0.01264  0.004083
   189/199    0.847G   0.01879   0.01182 0.0008595   0.03147        12       640    0.9451    0.8912    0.9332     0.644   0.02529   0.01276  0.004082
   190/199    0.847G   0.01875   0.01243 0.0008868   0.03207        25       640    0.9344    0.8906    0.9283    0.6397   0.02537    0.0128  0.004021
   191/199    0.847G   0.01855   0.01181 0.0008292   0.03119        26       640    0.9519    0.8811     0.931    0.6391   0.02538   0.01293  0.003793
   192/199    0.847G    0.0185   0.01169  0.001036   0.03123        10       640    0.9415    0.8877    0.9339    0.6392   0.02521   0.01283  0.003834
   193/199    0.847G   0.01871   0.01181 0.0007713   0.03129        24       640    0.9512     0.884    0.9345    0.6405   0.02519   0.01294  0.003515
   194/199    0.847G   0.01901   0.01201 0.0007959   0.03181         6       640    0.9531    0.8843    0.9329    0.6394   0.02539    0.0129  0.003839
   195/199    0.847G   0.01898    0.0124 0.0006252   0.03201        17       640    0.9402    0.8932     0.937    0.6458   0.02543   0.01284    0.0035
   196/199    0.847G   0.01867    0.0118 0.0008593   0.03132        14       640    0.9448    0.8951    0.9341    0.6439   0.02536   0.01286   0.00374
   197/199    0.847G   0.01822   0.01204 0.0007247   0.03098        16       640    0.9416    0.8832    0.9322    0.6393   0.02532   0.01277  0.004386
   198/199    0.847G    0.0182    0.0118 0.0007552   0.03076        10       640    0.9432    0.8862    0.9369     0.645   0.02521   0.01285  0.004191
   199/199    0.847G   0.01845   0.01153    0.0011   0.03107        12       640    0.9597    0.8806    0.9384    0.6461    0.0252   0.01276  0.003657
